0.946426 0.92851 0.904747 0.87854 0.851148 0.823187 0.795011 0.766838 0.738802 0.710974 0.683391 0.656067 0.629 0.602185 0.575611 0.549269 0.523151 0.497248 0.471555 0.446069 0.420788 0.39571 0.370838 0.346173 0.32172 0.297486 0.27348 0.249714 0.226203 0.202967 0.180032 0.157434 0.13522 0.113459 0.0922494 0.071744 0.0521891 0.0339994 0.0179052 0.005239
0.883314 0.869346 0.846598 0.818653 0.787753 0.75534 0.722353 0.689399 0.656849 0.624915 0.593701 0.563242 0.533537 0.504565 0.476297 0.448704 0.421758 0.395437 0.369724 0.344606 0.320074 0.296126 0.272761 0.249985 0.227806 0.20624 0.185306 0.165031 0.145448 0.126601 0.108544 0.091345 0.0750922 0.0598963 0.0458991 0.0332804 0.0222656 0.0131262 0.00616131 0.00162636
0.831098 0.818109 0.795251 0.765701 0.73204 0.696197 0.65954 0.622989 0.587121 0.552267 0.518589 0.48614 0.454915 0.424875 0.395971 0.368151 0.341368 0.315582 0.290761 0.266878 0.243916 0.221861 0.200707 0.180455 0.161107 0.142676 0.125177 0.108633 0.0930719 0.0785304 0.0650512 0.0526851 0.0414903 0.0315314 0.0228767 0.0155923 0.00973126 0.00531554 0.00230748 0.000571618
0.786155 0.773195 0.749717 0.718656 0.682746 0.644221 0.604759 0.565527 0.527269 0.490413 0.455167 0.421596 0.389687 0.359379 0.330601 0.303274 0.27733 0.252706 0.229349 0.207218 0.186276 0.166497 0.14786 0.130349 0.113954 0.0986702 0.0844957 0.0714326 0.0594858 0.048662 0.0389683 0.0304109 0.0229923 0.0167079 0.011541 0.00745713 0.00439623 0.00226502 0.000930862 0.000221452
0.746555 0.733314 0.709051 0.676619 0.638862 0.598233 0.556643 0.515447 0.475524 0.43738 0.401256 0.367223 0.33525 0.305256 0.27714 0.250796 0.226128 0.203048 0.18148 0.161358 0.142627 0.125238 0.109149 0.0943241 0.0807299 0.0683373 0.0571189 0.0470481 0.0380977 0.0302387 0.0234384 0.0176587 0.0128535 0.00896693 0.00593032 0.00366069 0.00205961 0.00101409 0.000400577 9.27504e-05
0.711124 0.697517 0.672469 0.638837 0.599575 0.557308 0.514126 0.471536 0.430521 0.391646 0.355175 0.321174 0.289595 0.260327 0.233237 0.208191 0.185059 0.163727 0.14409 0.126057 0.109547 0.0944864 0.0808092 0.0684535 0.0573614 0.0474768 0.0387449 0.0311102 0.0245156 0.0189015 0.0142039 0.0103542 0.00727769 0.00489358 0.00311478 0.00184904 0.001001 0.000475539 0.000182357 4.14242e-05
0.679077 0.665107 0.639343 0.604695 0.564224 0.520702 0.476363 0.432834 0.391181 0.352011 0.315598 0.282 0.251141 0.222882 0.197054 0.173488 0.152024 0.132514 0.114825 0.0988386 0.0844458 0.0715476 0.0600522 0.049873 0.0409271 0.0331343 0.0264155 0.0206919 0.0158845 0.0119126 0.00869451 0.00614665 0.00418425 0.00272194 0.00167511 0.000961627 0.000504155 0.000232713 8.72202e-05 1.95344e-05
0.649856 0.635558 0.609176 0.573691 0.53227 0.487812 0.442671 0.398571 0.356639 0.317512 0.281465 0.248539 0.21863 0.191562 0.167133 0.145136 0.125376 0.107675 0.0918687 0.0778107 0.065366 0.0544102 0.044828 0.0365103 0.0293533 0.0232573 0.0181257 0.0138639 0.0103799 0.00758315 0.00538535 0.0037007 0.00244666 0.00154499 0.000922963 0.000514735 0.000262669 0.000118421 4.35838e-05 9.6552e-06
0.623042 0.608463 0.581567 0.545411 0.503267 0.458142 0.412492 0.368117 0.326191 0.287367 0.251916 0.219854 0.191045 0.165278 0.14231 0.1219 0.103819 0.087854 0.0738146 0.061526 0.050829 0.0415774 0.0336353 0.026876 0.0211799 0.0164339 0.0125307 0.00936809 0.00684895 0.00488147 0.00337929 0.00226209 0.00145621 0.000895289 0.000520949 0.000283316 0.000141285 6.24574e-05 2.26481e-05 4.97364e-06
0.59831 0.583501 0.556191 0.519518 0.476846 0.43128 0.385361 0.340951 0.299254 0.260933 0.226245 0.195179 0.167563 0.143148 0.121654 0.102801 0.0863281 0.0719925 0.0595754 0.0488785 0.0397212 0.0319389 0.0253802 0.0199055 0.0153851 0.0116988 0.0087347 0.00638928 0.00456696 0.00318023 0.00214977 0.00140464 0.000882482 0.000529624 0.000301046 0.000160152 7.82953e-05 3.40399e-05 1.21916e-05 2.65817e-06
0.575403 0.56041 0.532781 0.495726 0.452696 0.406881 0.360892 0.316638 0.275346 0.237678 0.203872 0.173885 0.14751 0.124457 0.10441 0.0870532 0.0720929 0.0592594 0.0483094 0.0390235 0.0312044 0.0246731 0.0192676 0.0148403 0.0112567 0.00839449 0.00614264 0.00440085 0.0030792 0.00209789 0.00138699 0.000886202 0.000544501 0.000319724 0.000177968 9.28494e-05 4.46131e-05 1.912e-05 6.77629e-06 1.46854e-06
0.554109 0.538977 0.511114 0.473798 0.430555 0.384651 0.338755 0.294811 0.254061 0.217156 0.184311 0.155451 0.130331 0.108622 0.0899694 0.0740266 0.0604695 0.0490036 0.0393646 0.0313166 0.0246489 0.0191732 0.0147208 0.011141 0.00829875 0.00607391 0.00435977 0.00306239 0.00209987 0.0014016 0.000907658 0.000568055 0.000341962 0.000196848 0.000107524 5.51322e-05 2.60892e-05 1.10422e-05 3.87801e-06 8.36083e-07
0.534253 0.519023 0.491002 0.453529 0.4102 0.364342 0.318673 0.275162 0.235055 0.198991 0.167158 0.139446 0.115569 0.0951629 0.0778378 0.0632157 0.0509463 0.0407136 0.0322364 0.0252656 0.0195816 0.0149905 0.0113215 0.00842403 0.00616619 0.00443273 0.00312373 0.00215333 0.0014486 0.000948426 0.000602425 0.000369856 0.000218499 0.000123517 6.63261e-05 3.34824e-05 1.56305e-05 6.54292e-06 2.27962e-06 4.89258e-07
0.515688 0.500395 0.472284 0.434746 0.391438 0.34574 0.300405 0.257424 0.218038 0.182869 0.152074 0.125507 0.102846 0.0836883 0.0676129 0.0542133 0.0431163 0.0339878 0.0265332 0.0204945 0.0156466 0.0117939 0.00876619 0.00641656 0.00461838 0.00326334 0.0022596 0.00153007 0.0010109 0.00064995 0.000405437 0.000244513 0.000141961 7.89267e-05 4.17279e-05 2.07701e-05 9.57852e-06 3.97025e-06 1.37352e-06 2.93611e-07
0.498289 0.482965 0.454822 0.417299 0.374103 0.328658 0.283748 0.24137 0.202762 0.16852 0.138771 0.113332 0.0918457 0.0738744 0.0589666 0.046691 0.0366549 0.0285098 0.0219513 0.0167158 0.0125762 0.00933786 0.00683425 0.00492385 0.00348706 0.0024236 0.00165022 0.00109862 0.000713539 0.000450991 0.000276598 0.00016406 9.37295e-05 5.13185e-05 2.67479e-05 1.31441e-05 5.99505e-06 2.46296e-06 8.46676e-07 1.80344e-07
0.481945 0.466619 0.438497 0.401057 0.358052 0.312938 0.268522 0.226806 0.189012 0.155714 0.127006 0.102668 0.0823073 0.0654545 0.0516307 0.0403832 0.0313029 0.0240303 0.0182544 0.0137092 0.0101684 0.00744057 0.00536484 0.00380659 0.00265416 0.00181575 0.00121668 0.000797014 0.000509335 0.000316774 0.000191213 0.000111666 6.28473e-05 3.39254e-05 1.7452e-05 8.47577e-06 3.82707e-06 1.55965e-06 5.33078e-07 1.1318e-07
0.466565 0.451261 0.423204 0.385907 0.343157 0.298439 0.254573 0.21356 0.176606 0.144257 0.116573 0.0933005 0.0740112 0.0582075 0.0453859 0.035075 0.0268529 0.0203522 0.0152584 0.0113056 0.00827033 0.00596665 0.00424036 0.00296472 0.00203644 0.00137218 0.000905488 0.000584106 0.000367584 0.000225157 0.00013389 7.70585e-05 4.27677e-05 2.27841e-05 1.15792e-05 5.56299e-06 2.48873e-06 1.00678e-06 3.42306e-07 7.24623e-08
0.452065 0.436804 0.408852 0.371748 0.329308 0.285039 0.241767 0.201487 0.165386 0.133981 0.107298 0.0850483 0.0667743 0.0519503 0.0400518 0.0305919 0.0231387 0.0173197 0.0128196 0.00937464 0.00676632 0.00481508 0.00337448 0.00232604 0.0015749 0.00104586 0.000680121 0.000432343 0.000268136 0.00016189 9.49174e-05 5.38855e-05 2.95177e-05 1.55331e-05 7.80557e-06 3.71255e-06 1.64676e-06 6.6165e-07 2.23878e-07 4.72642e-08
0.438371 0.423174 0.39536 0.358492 0.316408 0.272629 0.229985 0.190459 0.155215 0.12474 0.0990285 0.0777586 0.0604424 0.0465306 0.0354802 0.0267918 0.0200264 0.014809 0.0108254 0.0078159 0.0055682 0.00391017 0.00270353 0.0018382 0.00122747 0.00080384 0.000515465 0.000323123 0.000197636 0.000117704 6.80949e-05 3.81624e-05 2.06493e-05 1.07419e-05 5.34136e-06 2.51686e-06 1.10755e-06 4.42204e-07 1.48957e-07 3.13685e-08
0.425421 0.410302 0.382655 0.34606 0.304369 0.261115 0.219124 0.180363 0.145973 0.116411 0.0916379 0.0713013 0.0548862 0.0418216 0.0315489 0.0235591 0.0174084 0.0127216 0.00918727 0.0065514 0.00460867 0.00319498 0.00218038 0.00146304 0.000964012 0.000622903 0.000394116 0.000243776 0.000147145 8.65024e-05 4.94145e-05 2.73578e-05 1.46325e-05 7.53001e-06 3.70744e-06 1.73173e-06 7.56425e-07 3.00238e-07 1.00715e-07 2.11599e-08
0.413156 0.39813 0.370675 0.334382 0.293117 0.250413 0.209091 0.171101 0.137557 0.108886 0.0850156 0.0655658 0.0499963 0.0377172 0.0281569 0.0207991 0.0151976 0.0109787 0.00783556 0.00552056 0.00383614 0.00262648 0.00176993 0.00117257 0.000762766 0.000486561 0.000303917 0.000185598 0.000110624 6.42333e-05 3.6255e-05 1.98417e-05 1.04969e-05 5.34695e-06 2.60823e-06 1.20832e-06 5.24136e-07 2.06894e-07 6.9132e-08 1.44927e-08
0.401524 0.386603 0.35936 0.323396 0.282581 0.240449 0.199807 0.162588 0.129877 0.10207 0.079067 0.0604578 0.0456806 0.0341288 0.0252205 0.0184342 0.0133235 0.00951746 0.00671515 0.0046761 0.00321089 0.002172 0.0014459 0.000946187 0.000607935 0.000383023 0.000236311 0.000142557 8.39516e-05 4.81746e-05 2.68819e-05 1.45515e-05 7.61877e-06 3.84359e-06 1.8585e-06 8.54342e-07 3.68167e-07 1.44575e-07 4.81312e-08 1.00694e-08
0.390479 0.375673 0.348661 0.313047 0.272702 0.231155 0.191201 0.154747 0.122853 0.0958846 0.0737105 0.0558967 0.0418606 0.0309818 0.02267 0.0164006 0.0117285 0.00828726 0.00578229 0.00398098 0.00270218 0.00180663 0.00118855 0.000768587 0.000487971 0.000303799 0.000185224 0.000110435 6.42892e-05 3.64783e-05 2.01346e-05 1.0786e-05 5.59182e-06 2.79529e-06 1.34041e-06 6.11673e-07 2.61962e-07 1.02365e-07 3.39608e-08 7.09105e-09
0.37998 0.365297 0.33853 0.303283 0.263424 0.222473 0.183208 0.147512 0.116417 0.0902574 0.0688756 0.0518133 0.0384701 0.0282137 0.0204475 0.0146458 0.0103661 0.00724732 0.00500216 0.00340606 0.00228618 0.00151127 0.000982937 0.000628363 0.000394379 0.000242729 0.000146313 8.62584e-05 4.96627e-05 2.78771e-05 1.52277e-05 8.07655e-06 4.14802e-06 2.05556e-06 9.77925e-07 4.43158e-07 1.88677e-07 7.33852e-08 2.42662e-08 5.05749e-09
0.369987 0.355435 0.328926 0.29406 0.254699 0.21435 0.175772 0.140823 0.110506 0.0851273 0.0645011 0.0481483 0.0354525 0.0257715 0.0185046 0.0131263 0.0091979 0.00636466 0.0043469 0.00292831 0.00194425 0.00127119 0.000817691 0.000516952 0.000320869 0.000195312 0.000116446 6.79116e-05 3.86869e-05 2.14929e-05 1.1624e-05 6.10681e-06 3.10838e-06 1.52762e-06 7.21298e-07 3.24701e-07 1.3747e-07 5.32315e-08 1.75468e-08 3.65064e-09
0.360467 0.346052 0.319811 0.285336 0.246481 0.206738 0.168843 0.134629 0.105069 0.0804404 0.0605342 0.0448506 0.0327595 0.0236106 0.0168007 0.011806 0.00819255 0.00561251 0.00379417 0.00252948 0.00166181 0.00107502 0.000684128 0.000427889 0.000262753 0.000158238 9.33501e-05 5.38778e-05 3.0381e-05 1.6712e-05 8.95234e-06 4.66057e-06 2.35198e-06 1.14673e-06 5.37566e-07 2.40461e-07 1.01261e-07 3.90445e-08 1.28318e-08 2.66519e-09
0.351389 0.337115 0.311149 0.277074 0.238732 0.199595 0.162377 0.128882 0.100056 0.0761496 0.0569287 0.0418761 0.0303498 0.0216931 0.0153018 0.010655 0.00732422 0.00496907 0.00332595 0.00219502 0.00142739 0.000913873 0.000575569 0.000356265 0.000216512 0.000129053 7.53601e-05 4.30604e-05 2.4044e-05 1.31007e-05 6.95374e-06 3.58859e-06 1.79616e-06 8.69088e-07 4.0461e-07 1.79891e-07 7.53664e-08 2.89422e-08 9.4844e-09 1.96677e-09
0.342722 0.328595 0.302911 0.269242 0.231415 0.192882 0.156332 0.123542 0.0954276 0.0722135 0.0536445 0.0391868 0.0281879 0.0199869 0.0139793 0.00964822 0.00657156 0.00441652 0.0029277 0.0019133 0.00123188 0.000780833 0.000486852 0.000298329 0.000179492 0.000105926 6.12487e-05 3.46601e-05 1.91713e-05 1.03504e-05 5.4456e-06 2.78676e-06 1.38385e-06 6.64708e-07 3.07415e-07 1.35883e-07 5.66488e-08 2.16695e-08 7.08153e-09 1.46622e-09
0.334442 0.320464 0.295066 0.261808 0.224498 0.186565 0.150674 0.118571 0.091145 0.0685955 0.0506465 0.0367496 0.0262436 0.0184643 0.0128088 0.00876481 0.0059169 0.00394025 0.0025876 0.00167498 0.00106807 0.000670449 0.000413964 0.000251201 0.000149674 8.74813e-05 5.01046e-05 2.809e-05 1.53961e-05 8.23897e-06 4.29804e-06 2.18177e-06 1.07521e-06 5.12838e-07 2.3567e-07 1.03587e-07 4.29804e-08 1.63793e-08 5.33848e-09 1.10368e-09
0.326524 0.312697 0.287589 0.254744 0.21795 0.180613 0.145369 0.113936 0.087176 0.0652635 0.047904 0.0345357 0.0244904 0.0171021 0.01177 0.00798718 0.00534555 0.00352821 0.002296 0.00147252 0.000930208 0.000578418 0.000353772 0.000212653 0.000125517 7.26805e-05 4.1246e-05 2.29156e-05 1.24498e-05 6.60567e-06 3.41784e-06 1.72148e-06 8.42172e-07 3.9897e-07 1.82219e-07 7.96603e-08 3.29018e-08 1.24931e-08 4.0614e-09 8.38448e-10
0.318946 0.305272 0.280456 0.248026 0.211746 0.174998 0.140388 0.109608 0.0834911 0.0621893 0.0453901 0.0325203 0.0229059 0.01588 0.0108453 0.00730057 0.00484524 0.00317048 0.00204503 0.00129981 0.000813663 0.000501329 0.000303815 0.000180954 0.000105836 6.07322e-05 3.41594e-05 1.88132e-05 1.01343e-05 5.33291e-06 2.73752e-06 1.36846e-06 6.64747e-07 3.1286e-07 1.42045e-07 6.17733e-08 2.54014e-08 9.61132e-09 3.1168e-09 6.42546e-10
0.311687 0.298167 0.273645 0.241629 0.20586 0.169693 0.135706 0.105561 0.0800645 0.0593476 0.0430811 0.0306816 0.0214704 0.014781 0.0100199 0.0066925 0.00440573 0.00285881 0.00182823 0.0011519 0.00071472 0.00043646 0.000262151 0.000154753 8.97128e-05 5.10306e-05 2.84558e-05 1.55398e-05 8.3022e-06 4.33406e-06 2.20779e-06 1.09564e-06 5.28588e-07 2.47206e-07 1.11594e-07 4.82853e-08 1.97702e-08 7.45521e-09 2.41178e-09 4.96531e-10
0.304728 0.291363 0.267136 0.235533 0.20027 0.164676 0.131298 0.10177 0.0768729 0.0567163 0.0409563 0.0290006 0.0201669 0.01379 0.00928122 0.00615241 0.00401841 0.00258635 0.00164025 0.00102472 0.00063037 0.000381632 0.000227239 0.000132987 7.64344e-05 4.31091e-05 2.3838e-05 1.29116e-05 6.84312e-06 3.54485e-06 1.7924e-06 8.83244e-07 4.233e-07 1.96754e-07 8.83256e-08 3.80303e-08 1.55067e-08 5.82822e-09 1.88103e-09 3.86754e-10
0.298054 0.284844 0.260911 0.229718 0.194957 0.159926 0.127144 0.0982147 0.0738956 0.0542757 0.0389974 0.0274605 0.0189806 0.0128945 0.00861837 0.00567136 0.00367604 0.0023474 0.0014767 0.00091497 0.000558171 0.000335091 0.000197852 0.000114818 6.54428e-05 3.6606e-05 2.0078e-05 1.07888e-05 5.67385e-06 2.91718e-06 1.46445e-06 7.16716e-07 3.41289e-07 1.57693e-07 7.04089e-08 3.01718e-08 1.22528e-08 4.59048e-09 1.47818e-09 3.03537e-10
0.291649 0.278594 0.254953 0.224168 0.189903 0.155426 0.123225 0.0948767 0.0711146 0.0520086 0.0371884 0.0260471 0.0178989 0.0120832 0.00802214 0.00524175 0.00337254 0.00213717 0.00133393 0.000819909 0.000496136 0.000295423 0.000173006 9.9582e-05 5.62995e-05 3.12398e-05 1.69998e-05 9.06433e-06 4.73121e-06 2.41488e-06 1.20385e-06 5.85273e-07 2.76962e-07 1.27233e-07 5.65112e-08 2.41043e-08 9.75042e-09 3.64156e-09 1.17002e-09 2.39958e-10
0.285504 0.272603 0.249253 0.218871 0.185094 0.15116 0.119525 0.0917409 0.0685152 0.0499009 0.035516 0.0247482 0.016911 0.0113472 0.00748479 0.00485726 0.00310286 0.00195173 0.00120893 0.000737317 0.000442653 0.000261489 0.000151918 8.6751e-05 4.86595e-05 2.67905e-05 1.44671e-05 7.65611e-06 3.96705e-06 2.01056e-06 9.95507e-07 4.80868e-07 2.26178e-07 1.0332e-07 4.56566e-08 1.93866e-08 7.8121e-09 2.90876e-09 9.32548e-10 1.91023e-10
0.279623 0.266875 0.243812 0.213828 0.180529 0.147124 0.11604 0.0887996 0.0660887 0.0479434 0.0339713 0.0235553 0.0160091 0.0106795 0.00700043 0.00451299 0.00286304 0.00178799 0.00109934 0.000665437 0.00039645 0.000232393 0.000133972 7.59139e-05 4.22551e-05 2.30885e-05 1.23752e-05 6.50135e-06 3.34481e-06 1.68358e-06 8.28116e-07 3.97506e-07 1.85867e-07 8.44421e-08 3.7129e-08 1.56964e-08 6.30147e-09 2.33931e-09 7.48395e-10 1.53118e-10
0.274056 0.261457 0.238674 0.209075 0.17624 0.143344 0.112788 0.0860661 0.0638436 0.0461409 0.0325561 0.0224681 0.0151917 0.0100778 0.00656662 0.00420657 0.00265095 0.00164413 0.00100371 0.00060314 0.000356685 0.000207527 0.000118743 6.67822e-05 3.68965e-05 2.00126e-05 1.06491e-05 5.55499e-06 2.83825e-06 1.41909e-06 6.93554e-07 3.30887e-07 1.5383e-07 6.95155e-08 3.04179e-08 1.28042e-08 5.12162e-09 1.89578e-09 6.05245e-10 1.23686e-10
0.269002 0.256541 0.234018 0.204777 0.172369 0.139944 0.109871 0.0836232 0.0618448 0.0445427 0.0313067 0.0215128 0.0144769 0.0095542 0.00619109 0.00394274 0.00246936 0.00152166 0.000922778 0.00055073 0.000323434 0.000186862 0.000106165 5.92872e-05 3.25257e-05 1.75192e-05 9.25841e-06 4.79709e-06 2.43495e-06 1.20971e-06 5.87615e-07 2.78713e-07 1.28864e-07 5.79366e-08 2.52336e-08 1.05781e-08 4.21638e-09 1.55634e-09 4.95881e-10 1.01223e-10
0.265183 0.252829 0.230505 0.201538 0.169458 0.137391 0.107686 0.0817977 0.0603553 0.043355 0.0303811 0.0208073 0.0139508 0.00917027 0.00591674 0.00375074 0.00233773 0.00143325 0.000864599 0.000513218 0.000299739 0.000172201 9.72816e-05 5.40177e-05 2.94666e-05 1.5782e-05 8.2938e-06 4.27372e-06 2.15765e-06 1.06636e-06 5.15377e-07 2.43275e-07 1.11968e-07 5.01272e-08 2.1748e-08 9.0856e-09 3.61084e-09 1.32969e-09 4.22957e-10 8.62558e-11