0.95075 0.932951 0.90923 0.88298 0.855467 0.827325 0.798938 0.770547 0.742301 0.714281 0.686526 0.659044 0.631831 0.604876 0.578167 0.551691 0.525437 0.499399 0.473571 0.447948 0.422528 0.397311 0.372297 0.34749 0.322892 0.298512 0.274357 0.250438 0.226771 0.203373 0.18027 0.157493 0.135088 0.113117 0.0916687 0.0708849 0.0509967 0.0324129 0.015905 0.00301654
0.893825 0.880164 0.857546 0.829428 0.798071 0.764994 0.731235 0.697486 0.664177 0.631549 0.59971 0.56869 0.538473 0.509025 0.480306 0.452279 0.424914 0.398187 0.372077 0.346573 0.321666 0.297351 0.273629 0.250506 0.22799 0.206096 0.184845 0.164262 0.144381 0.125247 0.106913 0.0894523 0.0729539 0.0575361 0.0433527 0.0306068 0.0195651 0.0105708 0.00403574 0.000360414
0.846237 0.833614 0.81088 0.78097 0.746465 0.709422 0.671379 0.633406 0.596186 0.560102 0.525327 0.491906 0.459808 0.428973 0.399335 0.370829 0.3434 0.317005 0.291608 0.267183 0.24371 0.221178 0.19958 0.178916 0.159191 0.140417 0.122611 0.105798 0.0900087 0.0752825 0.0616676 0.0492213 0.0380113 0.0281148 0.0196167 0.0126033 0.00714934 0.00329198 0.000984818 2.62355e-05
0.804808 0.792197 0.768749 0.737082 0.699907 0.659629 0.618161 0.576881 0.536685 0.498081 0.461296 0.42638 0.393289 0.361931 0.332207 0.304023 0.277297 0.251961 0.227958 0.205243 0.183781 0.163542 0.144507 0.126659 0.109989 0.0944931 0.0801698 0.067023 0.0550595 0.0442885 0.0347202 0.0263641 0.0192258 0.0133028 0.00857773 0.00500991 0.0025231 0.000992292 0.000232088 -3.9048e-06
0.767886 0.754934 0.730549 0.697218 0.657759 0.614828 0.570628 0.526789 0.484384 0.444023 0.405974 0.370289 0.336899 0.305681 0.276498 0.249221 0.223736 0.199946 0.177768 0.157132 0.137979 0.120258 0.103925 0.0889405 0.0752707 0.0628841 0.0517511 0.0418428 0.0331295 0.0255788 0.0191538 0.0138103 0.00949395 0.00613679 0.00365382 0.00193982 0.000867911 0.000291543 5.2488e-05 -2.66377e-06
0.734486 0.721087 0.695727 0.660879 0.619473 0.574371 0.528011 0.48223 0.438245 0.396749 0.358039 0.32216 0.289011 0.258432 0.230245 0.204282 0.180393 0.158446 0.138326 0.119935 0.103184 0.087993 0.0742898 0.0620064 0.0510783 0.0414426 0.0330368 0.0257971 0.0196574 0.0145473 0.0103909 0.00710545 0.00460018 0.00277599 0.00152578 0.000736427 0.000292733 8.37182e-05 1.11731e-05 -9.17254e-07
0.703963 0.690105 0.663822 0.62763 0.58458 0.537717 0.489677 0.442466 0.397422 0.355299 0.316411 0.280785 0.248288 0.218715 0.191843 0.167459 0.145374 0.125417 0.107439 0.091308 0.076902 0.0641107 0.0528305 0.0429628 0.0344127 0.027087 0.0208935 0.0157392 0.0115302 0.00817048 0.0055619 0.00360435 0.00219645 0.00123708 0.000627671 0.00027542 9.71639e-05 2.34765e-05 2.13616e-06 -2.56893e-07
0.675861 0.661573 0.634457 0.5971 0.552682 0.504413 0.455098 0.406886 0.36121 0.318872 0.280189 0.245166 0.213625 0.185315 0.159964 0.137312 0.117125 0.0991944 0.0833323 0.0693707 0.0571563 0.0465468 0.0374091 0.0296164 0.0230473 0.0175844 0.0131132 0.00952198 0.00670112 0.00454375 0.00294611 0.00180858 0.00103715 0.000545156 0.000255334 0.000101817 3.17969e-05 6.39961e-06 3.17894e-07 -6.27968e-08
0.649841 0.635169 0.607324 0.568978 0.52344 0.474072 0.423827 0.374972 0.329018 0.286797 0.248622 0.214462 0.184096 0.157218 0.133506 0.112651 0.0943732 0.0784221 0.0645735 0.0526249 0.0423915 0.0337029 0.0264002 0.0203339 0.0153633 0.0113546 0.00818112 0.00572293 0.00386702 0.0025079 0.00154832 0.000900222 0.000485767 0.00023829 0.00010301 3.72903e-05 1.02627e-05 1.67909e-06 9.85753e-09 -1.31359e-08
0.625641 0.610634 0.582166 0.542999 0.496565 0.446365 0.395483 0.346287 0.300345 0.258507 0.22107 0.187966 0.158921 0.133575 0.111552 0.0924924 0.0760717 0.0619991 0.0500146 0.0398843 0.0313961 0.0243559 0.0185853 0.0139193 0.0102054 0.00730272 0.00508144 0.00342298 0.00222 0.00137671 0.000809173 0.000445555 0.000226232 0.000103564 4.13034e-05 1.35502e-05 3.26308e-06 4.15733e-07 -1.94277e-08 -2.01293e-09
0.603052 0.587761 0.558772 0.518938 0.471807 0.42101 0.369741 0.320453 0.274759 0.233514 0.196991 0.165077 0.137444 0.113674 0.0933364 0.0760233 0.0613658 0.0490353 0.0387395 0.0302175 0.023235 0.0175807 0.0130632 0.00950947 0.00676325 0.00468404 0.00314664 0.00204063 0.00127005 0.000753032 0.000421345 0.000219722 0.00010498 4.48411e-05 1.64869e-05 4.8884e-06 1.0191e-06 9.3028e-08 -1.15269e-08 -4.66821e-13
0.581902 0.566375 0.536962 0.496601 0.448952 0.397759 0.346317 0.297146 0.25189 0.211402 0.175921 0.145284 0.119107 0.0969143 0.0782213 0.0625724 0.0495575 0.038814 0.0300218 0.0228984 0.0171935 0.0126847 0.00917505 0.00649005 0.00447625 0.00299977 0.00194515 0.00121425 0.000725157 0.000411073 0.000218969 0.000108148 4.86209e-05 1.93723e-05 6.55901e-06 1.75087e-06 3.10951e-07 1.66277e-08 -4.82281e-09 1.79117e-10
0.562048 0.546331 0.516582 0.475821 0.427811 0.376398 0.324963 0.276082 0.231418 0.191809 0.157458 0.128148 0.103437 0.0827921 0.0656755 0.0515869 0.0400795 0.0307609 0.0232889 0.0173651 0.0127293 0.00915475 0.00644454 0.00442868 0.00296163 0.00192023 0.00120175 0.000722071 0.000413783 0.00022427 0.000113738 5.32063e-05 2.25068e-05 8.36103e-06 2.60264e-06 6.22155e-07 9.18298e-08 1.02458e-09 -1.73067e-09 1.04196e-10
0.54337 0.527504 0.4975 0.456453 0.40822 0.356739 0.305465 0.257015 0.213063 0.174425 0.14126 0.113297 0.0900345 0.0708835 0.0552567 0.0426127 0.0324719 0.024418 0.018092 0.0131856 0.00943455 0.00661327 0.00453019 0.00302405 0.00196062 0.0012298 0.000742817 0.000429605 0.000236241 0.000122435 5.91228e-05 2.6197e-05 1.04251e-05 3.60849e-06 1.0305e-06 2.18993e-07 2.58053e-08 -1.06186e-09 -5.56476e-10 4.43822e-11
0.525765 0.509787 0.4796 0.438369 0.390035 0.338617 0.287632 0.239728 0.19658 0.158976 0.127029 0.10041 0.0785583 0.0608322 0.0465979 0.0352774 0.0263637 0.0194215 0.014081 0.0100295 0.00700404 0.00478471 0.00318916 0.00206782 0.00129974 0.000788711 0.000459797 0.000255981 0.000135093 6.69559e-05 3.0789e-05 1.29223e-05 4.83668e-06 1.55846e-06 4.07165e-07 7.61602e-08 6.66549e-09 -7.80228e-10 -1.59498e-10 1.6239e-11
0.50914 0.493086 0.462782 0.421457 0.373128 0.321885 0.271296 0.224031 0.181757 0.145229 0.114509 0.0892115 0.0687195 0.052339 0.0393948 0.0292768 0.0214558 0.0154834 0.010984 0.00764561 0.00521082 0.00346903 0.00224978 0.00141691 0.000863444 0.000506924 0.000285254 0.00015289 7.74471e-05 3.67136e-05 1.60783e-05 6.39181e-06 2.24936e-06 6.73922e-07 1.60504e-07 2.60624e-08 1.44798e-09 -3.842e-10 -3.83631e-11 5.27871e-12
0.493418 0.477318 0.446955 0.405616 0.357384 0.306413 0.256308 0.209756 0.168406 0.132976 0.103478 0.0794675 0.060273 0.0451533 0.0333954 0.0243624 0.0175082 0.0123765 0.00859067 0.00584358 0.00388683 0.00252173 0.00159131 0.000973521 0.000575199 0.000326753 0.000177503 9.16059e-05 4.45475e-05 2.02013e-05 8.42631e-06 3.17274e-06 1.04931e-06 2.91895e-07 6.30866e-08 8.71914e-09 1.7641e-10 -1.6135e-10 -5.87899e-12 1.4978e-12
0.478529 0.46241 0.43204 0.390757 0.342704 0.292084 0.242538 0.196754 0.156362 0.12204 0.0937438 0.0709758 0.053011 0.0390647 0.0283913 0.020332 0.0143289 0.00992222 0.00673878 0.00447965 0.00290804 0.00183877 0.00112912 0.000671058 0.000384474 0.000211359 0.000110861 5.50993e-05 2.57275e-05 1.11624e-05 4.43507e-06 1.58148e-06 4.91268e-07 1.26662e-07 2.47001e-08 2.82128e-09 -6.0856e-11 -6.1177e-11 9.64978e-13 3.35311e-13
0.464409 0.448296 0.417965 0.3768 0.328995 0.278796 0.229866 0.184893 0.14548 0.112262 0.0851405 0.0635634 0.046757 0.0338973 0.0242106 0.0170211 0.011764 0.00798023 0.00530342 0.00344555 0.00218318 0.00134548 0.000804073 0.000464306 0.000257995 0.000137276 6.95353e-05 3.329e-05 1.49282e-05 6.19787e-06 2.34584e-06 7.92065e-07 2.30942e-07 5.50693e-08 9.6189e-09 8.66032e-10 -6.62368e-11 -2.11657e-11 1.47988e-12 3.03383e-14
0.451003 0.434919 0.404667 0.363674 0.316176 0.266455 0.218189 0.174057 0.135634 0.103506 0.0775239 0.0570821 0.0413618 0.0295038 0.0207113 0.0142962 0.00969086 0.00644055 0.00418862 0.00265985 0.00164517 0.000988372 0.000574918 0.000322606 0.000173885 8.95703e-05 4.38249e-05 2.02147e-05 8.70745e-06 3.46001e-06 1.24759e-06 3.9879e-07 1.09047e-07 2.3988e-08 3.7178e-09 2.42226e-10 -3.93038e-11 -6.54904e-12 9.25152e-13 -2.60581e-14
0.438261 0.422224 0.392089 0.351314 0.304174 0.254979 0.207413 0.164143 0.12671 0.0956522 0.070769 0.0514047 0.0366985 0.0257611 0.0177765 0.0120489 0.00801147 0.00521706 0.00332073 0.00206139 0.0012448 0.000729121 0.000412885 0.000225185 0.000117761 5.87382e-05 2.77671e-05 1.23429e-05 5.10822e-06 1.94302e-06 6.67466e-07 2.01932e-07 5.17357e-08 1.04671e-08 1.42176e-09 5.52761e-11 -1.93352e-11 -1.67537e-12 4.58475e-13 -2.35679e-14
0.426137 0.410165 0.380177 0.339661 0.292923 0.244292 0.197454 0.155058 0.118608 0.0885957 0.0647677 0.046422 0.03266 0.022566 0.0153097 0.0101911 0.00664779 0.00424236 0.00264327 0.00160427 0.000945972 0.000540316 0.000297928 0.000157965 8.01672e-05 3.87295e-05 1.76935e-05 7.58142e-06 3.01532e-06 1.09809e-06 3.59384e-07 1.02875e-07 2.46681e-08 4.5737e-09 5.35481e-10 5.42505e-12 -8.58179e-12 -2.42479e-13 1.99817e-13 -1.35661e-14
0.414591 0.398698 0.368884 0.328663 0.282363 0.234326 0.188237 0.146721 0.111242 0.0822445 0.0594261 0.0420405 0.0291553 0.0198325 0.0132314 0.00865166 0.00553757 0.0034637 0.0021129 0.00125403 0.000722191 0.000402331 0.000216062 0.000111396 5.48775e-05 2.5685e-05 1.13432e-05 4.6864e-06 1.79167e-06 6.24789e-07 1.94819e-07 5.27487e-08 1.18233e-08 2.00038e-09 1.97218e-10 -4.52262e-12 -3.52731e-12 8.61394e-14 7.85731e-14 -6.53923e-15
0.403583 0.387783 0.358168 0.318271 0.272439 0.225022 0.179695 0.139058 0.104533 0.076518 0.0546627 0.0381799 0.0261072 0.0174884 0.0114762 0.00737256 0.00463117 0.00283981 0.00169636 0.000984752 0.000554005 0.000301099 0.000157523 7.89939e-05 3.77853e-05 1.71385e-05 7.31873e-06 2.91629e-06 1.07199e-06 3.58027e-07 1.06364e-07 2.72298e-08 5.69724e-09 8.75141e-10 7.01996e-11 -4.48168e-12 -1.34598e-12 1.09225e-13 2.7594e-14 -2.80744e-15
0.39308 0.377385 0.347989 0.308441 0.263102 0.216324 0.171768 0.132004 0.0984129 0.0713456 0.0504067 0.0347712 0.0234503 0.0154734 0.00998988 0.00630685 0.00388898 0.00233834 0.00136812 0.000776985 0.000427116 0.000226525 0.000115479 5.63422e-05 2.61755e-05 1.15092e-05 4.75384e-06 1.8275e-06 6.46062e-07 2.06693e-07 5.85046e-08 1.41557e-08 2.7604e-09 3.82628e-10 2.3636e-11 -2.84813e-12 -4.6834e-13 7.27024e-14 8.1482e-15 -1.08409e-15
0.383051 0.36747 0.33831 0.299133 0.254308 0.208182 0.164401 0.1255 0.0928205 0.0666653 0.0465965 0.031755 0.021129 0.0137371 0.00872798 0.00541637 0.00327936 0.00193392 0.00110853 0.000616064 0.000330992 0.000171348 8.51423e-05 4.04282e-05 1.82479e-05 7.78028e-06 3.10938e-06 1.15355e-06 3.9231e-07 1.20252e-07 3.24297e-08 7.41286e-09 1.34493e-09 1.66992e-10 7.18691e-12 -1.54738e-12 -1.40209e-13 3.96061e-14 1.55596e-15 -3.66332e-16
0.373465 0.358007 0.329099 0.290311 0.246015 0.200551 0.157544 0.119495 0.087702 0.0624226 0.0431788 0.0290804 0.0190962 0.012237 0.00765363 0.00467009 0.00277702 0.00160665 0.000902472 0.000490928 0.000257863 0.000130336 6.31453e-05 2.91894e-05 1.28045e-05 5.29567e-06 2.04843e-06 7.33627e-07 2.40085e-07 7.0522e-08 1.81205e-08 3.91126e-09 6.58992e-10 7.26354e-11 1.7222e-12 -7.71012e-13 -2.89431e-14 1.92629e-14 -2.72992e-16 -9.69124e-17
0.364297 0.348969 0.320326 0.281942 0.238187 0.193392 0.151155 0.113943 0.0830093 0.0585695 0.040107 0.0267036 0.0173118 0.0109376 0.00673635 0.00404273 0.0023617 0.00134084 0.000738276 0.000393216 0.000201979 9.97085e-05 4.71144e-05 2.12092e-05 9.04515e-06 3.62997e-06 1.35949e-06 4.70178e-07 1.48108e-07 4.16995e-08 1.02089e-08 2.07981e-09 3.24739e-10 3.1419e-11 1.05908e-13 -3.61383e-13 2.83899e-15 8.57858e-15 -5.46169e-16 -9.23152e-18
0.355521 0.34033 0.311962 0.273993 0.230789 0.186665 0.145193 0.108801 0.0787 0.0550639 0.0373405 0.0245866 0.0157415 0.00980912 0.00595092 0.00351369 0.00201716 0.00112418 0.000606917 0.000316591 0.000159079 7.67227e-05 3.53699e-05 1.5511e-05 6.43336e-06 2.50616e-06 9.09092e-07 3.03725e-07 9.21216e-08 2.48659e-08 5.80056e-09 1.11482e-09 1.60944e-10 1.34747e-11 -2.50766e-13 -1.60644e-13 8.39505e-15 3.49374e-15 -4.19035e-16 1.20868e-17
0.347115 0.332065 0.303982 0.266438 0.223791 0.180338 0.139622 0.104032 0.0747362 0.0518685 0.0348439 0.0226969 0.0143564 0.0088264 0.0052764 0.00306612 0.00173034 0.000946895 0.000501401 0.000256241 0.000125991 5.93852e-05 2.67193e-05 1.14187e-05 4.60768e-06 1.74299e-06 6.12611e-07 1.97788e-07 5.77815e-08 1.49566e-08 3.32461e-09 6.02499e-10 8.02252e-11 5.70459e-12 -2.46669e-13 -6.75441e-14 6.86102e-15 1.26379e-15 -2.54036e-16 1.26648e-17
0.339058 0.324154 0.296362 0.25925 0.217164 0.174381 0.13441 0.099602 0.0710843 0.0489507 0.0325863 0.0210062 0.0131316 0.00796831 0.00469542 0.00268624 0.00149074 0.000801284 0.000416293 0.000208495 0.000100348 4.62406e-05 2.03124e-05 8.46251e-06 3.32346e-06 1.22128e-06 4.16065e-07 1.29862e-07 3.65536e-08 9.07599e-09 1.92256e-09 3.28376e-10 4.02201e-11 2.36814e-12 -1.71144e-13 -2.64577e-14 4.36751e-15 3.67565e-16 -1.35966e-16 8.71023e-18
0.33133 0.316575 0.28908 0.252405 0.210882 0.168765 0.129527 0.0954819 0.0677142 0.0462815 0.0305407 0.0194903 0.0120458 0.00721699 0.0041935 0.00236278 0.00128985 0.000681222 0.000347356 0.00017055 8.03774e-05 3.62226e-05 1.55405e-05 6.31411e-06 2.41435e-06 8.62195e-07 2.84827e-07 8.5977e-08 2.33264e-08 5.55724e-09 1.12194e-09 1.80528e-10 2.028e-11 9.53514e-13 -1.03989e-13 -9.27511e-15 2.46552e-15 4.83032e-17 -6.63743e-17 5.06682e-18
0.323912 0.30931 0.282116 0.245881 0.204922 0.163464 0.124947 0.091644 0.0645992 0.0438353 0.0286836 0.0181281 0.0110809 0.00655736 0.00375858 0.00208643 0.00112082 0.000581839 0.000291283 0.000140257 6.47482e-05 2.8547e-05 1.19662e-05 4.74327e-06 1.76658e-06 6.13337e-07 1.96555e-07 5.74038e-08 1.50174e-08 3.43395e-09 6.60841e-10 1.00131e-10 1.02844e-11 3.65096e-13 -5.87987e-14 -2.57456e-15 1.28573e-15 -4.18884e-17 -2.96592e-17 2.65309e-18
0.316788 0.302341 0.27545 0.239659 0.199262 0.158456 0.120646 0.088064 0.0617154 0.0415895 0.0269941 0.0169012 0.0102213 0.00597665 0.00338058 0.00184957 0.000978091 0.00049925 0.000245477 0.000115959 5.24554e-05 2.26345e-05 9.27344e-06 3.58767e-06 1.30201e-06 4.39662e-07 1.36741e-07 3.86541e-08 9.75469e-09 2.14169e-09 3.92946e-10 5.60456e-11 5.24528e-12 1.27503e-13 -3.17169e-14 -2.36775e-16 6.27967e-16 -5.16777e-17 -1.18716e-17 1.27221e-18
0.309941 0.29565 0.269067 0.233719 0.193881 0.153719 0.116602 0.0847199 0.0590414 0.0395239 0.0254541 0.0157937 0.00945359 0.00546403 0.00305108 0.00164587 0.000857127 0.000430347 0.000207898 9.63812e-05 4.27385e-05 1.80556e-05 7.23315e-06 2.73226e-06 9.66602e-07 3.176e-07 9.5906e-08 2.62529e-08 6.39362e-09 1.34835e-09 2.35913e-10 3.16635e-11 2.69041e-12 3.61196e-14 -1.65103e-14 4.06536e-16 2.87009e-16 -3.9423e-17 -3.9475e-18 5.54818e-19
0.303358 0.289225 0.262949 0.228043 0.18876 0.149234 0.112794 0.081592 0.0565582 0.037621 0.0240476 0.0147919 0.00876635 0.00501029 0.00276298 0.00147012 0.000754241 0.000372635 0.000176937 8.05323e-05 3.5019e-05 1.44903e-05 5.6782e-06 2.09511e-06 7.22842e-07 2.31204e-07 6.78174e-08 1.79848e-08 4.22888e-09 8.56983e-10 1.43028e-10 1.80601e-11 1.38777e-12 3.93505e-15 -8.3346e-15 4.61202e-16 1.20777e-16 -2.53152e-17 -7.71426e-19 2.11633e-19
0.297025 0.283049 0.257081 0.222618 0.183885 0.144983 0.109206 0.0786624 0.0542487 0.0358648 0.0227606 0.0138837 0.00814966 0.00460761 0.00251036 0.001318 0.000666421 0.000324108 0.000151319 6.7643e-05 2.88557e-05 1.16992e-05 4.48626e-06 1.61757e-06 5.44502e-07 1.69615e-07 4.83496e-08 1.24279e-08 2.82276e-09 5.49934e-10 8.75802e-11 1.04022e-11 7.19851e-13 -5.38129e-15 -4.08226e-15 3.5517e-16 4.46446e-17 -1.47211e-17 2.94354e-19 6.156e-20
0.290922 0.277105 0.251445 0.217421 0.179233 0.140947 0.105817 0.0759126 0.0520958 0.0342401 0.02158 0.0130581 0.00759459 0.00424908 0.00228805 0.00118582 0.000591156 0.000283127 0.000130025 5.71083e-05 2.39085e-05 9.50181e-06 3.56703e-06 1.25734e-06 4.13125e-07 1.25389e-07 3.4752e-08 8.66239e-09 1.90149e-09 3.56314e-10 5.41689e-11 6.05148e-12 3.75466e-13 -6.5784e-15 -1.9329e-15 2.36516e-16 1.23783e-17 -7.9506e-18 5.12593e-19 3.70928e-21
0.285108 0.271447 0.246091 0.212499 0.174842 0.137154 0.102648 0.0733561 0.050107 0.0327498 0.0205053 0.0123131 0.00709835 0.00393179 0.00209349 0.00107152 0.000526905 0.000248628 0.000112365 4.85116e-05 1.99406e-05 7.77161e-06 2.85745e-06 9.85126e-07 3.16091e-07 9.35206e-08 2.52132e-08 6.09752e-09 1.2942e-09 2.33374e-10 3.38817e-11 3.56001e-12 1.9707e-13 -5.38531e-15 -8.76922e-16 1.45518e-16 2.34079e-19 -4.01461e-18 4.44245e-19 -1.37277e-20
0.278841 0.265356 0.240339 0.207229 0.170163 0.133133 0.0993091 0.0706818 0.0480429 0.0312166 0.0194103 0.0115618 0.00660359 0.00361933 0.00190441 0.000962023 0.000466302 0.000216622 9.62689e-05 4.08224e-05 1.64622e-05 6.28702e-06 2.26232e-06 7.62291e-07 2.38694e-07 6.87993e-08 1.80327e-08 4.22896e-09 8.67523e-10 1.50479e-10 2.08552e-11 2.05946e-12 1.01099e-13 -3.73068e-15 -3.62372e-16 8.23508e-17 -3.22359e-18 -1.82065e-18 3.0445e-19 -1.49318e-20