0.912283 0.876586 0.832046 0.787709 0.745728 0.706152 0.668618 0.632795 0.598435 0.565362 0.533444 0.502584 0.472704 0.443748 0.41567 0.388434 0.362016 0.336397 0.311564 0.287511 0.264237 0.241745 0.220042 0.199142 0.17906 0.159817 0.141438 0.123952 0.107393 0.0917984 0.0772115 0.0636797 0.0512557 0.0399975 0.0299687 0.0212389 0.0138838 0.00798583 0.00363419 0.00092557
0.819858 0.769277 0.704071 0.64072 0.583455 0.532162 0.485873 0.443719 0.405057 0.369416 0.336444 0.305864 0.27746 0.251054 0.226497 0.203666 0.182456 0.162774 0.14454 0.127683 0.112141 0.0978538 0.0847692 0.0728372 0.0620105 0.0522437 0.0434926 0.0357131 0.028861 0.0228913 0.0177577 0.0134116 0.00980197 0.00687477 0.00457203 0.0028315 0.00158596 0.000762553 0.000282118 5.84924e-05
0.75186 0.691031 0.613039 0.538941 0.474078 0.418013 0.3692 0.326287 0.288272 0.254415 0.224155 0.19705 0.172746 0.150946 0.131404 0.113905 0.098264 0.0843168 0.0719174 0.0609336 0.0512452 0.0427418 0.0353209 0.0288871 0.0233511 0.0186286 0.0146397 0.011309 0.00856438 0.0063376 0.00456363 0.00318081 0.00213087 0.00135902 0.000814152 0.000449134 0.000221136 9.2067e-05 2.90802e-05 5.16073e-06
0.697713 0.62963 0.543255 0.46286 0.394385 0.336975 0.288529 0.247246 0.211796 0.181193 0.154692 0.131703 0.111751 0.0944449 0.0794536 0.0664954 0.0553269 0.0457354 0.0375336 0.0305557 0.0246536 0.0196946 0.0155598 0.0121419 0.00934412 0.00707948 0.00526954 0.00384392 0.00273969 0.00190084 0.00127791 0.00082757 0.000512286 0.000300012 0.000163853 8.1735e-05 3.60613e-05 1.33299e-05 3.7134e-06 5.84507e-07
0.652673 0.579363 0.487389 0.403393 0.333605 0.2767 0.230044 0.191425 0.159215 0.132216 0.109522 0.0904256 0.07436 0.0608616 0.0495454 0.0400882 0.0322157 0.0256933 0.0203195 0.0159202 0.0123451 0.00946367 0.00716294 0.00534516 0.00392592 0.00283262 0.00200312 0.00138456 0.000932353 0.000609206 0.000384324 0.000232615 0.00013398 7.26431e-05 3.6529e-05 1.66771e-05 6.69283e-06 2.23821e-06 5.62931e-07 8.06706e-08
0.614164 0.537062 0.441374 0.355523 0.285822 0.23045 0.186271 0.150697 0.121841 0.0983246 0.0791159 0.0634175 0.0505991 0.040154 0.031669 0.0248039 0.019277 0.0148532 0.011336 0.00856113 0.00639071 0.00470956 0.00342154 0.00244675 0.00171907 0.00118419 0.000797818 0.000524168 0.000334656 0.000206747 0.000122943 6.99079e-05 3.76895e-05 1.9052e-05 8.89429e-06 3.75345e-06 1.38673e-06 4.2574e-07 9.83933e-08 1.30896e-08
0.580606 0.500764 0.402696 0.316164 0.247422 0.194147 0.152733 0.120258 0.0946116 0.0742708 0.0581083 0.0452665 0.0350788 0.0270192 0.020668 0.0156876 0.0118049 0.00879874 0.00648926 0.00473063 0.00340467 0.00241596 0.00168778 0.00115884 0.000780495 0.000514503 0.000331089 0.000207349 0.000125911 7.38069e-05 4.15368e-05 2.229e-05 1.13073e-05 5.36124e-06 2.33999e-06 9.20379e-07 3.16132e-07 9.01496e-08 1.94082e-08 2.43232e-09
0.55095 0.46916 0.369681 0.283278 0.216039 0.165149 0.126567 0.0970774 0.074384 0.0568522 0.0432892 0.0328029 0.024713 0.0184935 0.0137344 0.0101134 0.00737701 0.00532509 0.00379996 0.00267754 0.0018606 0.00127326 0.000856737 0.000565813 0.000366025 0.00023139 0.000142558 8.5322e-05 4.94194e-05 2.75746e-05 1.47389e-05 7.49461e-06 3.5937e-06 1.60659e-06 6.5956e-07 2.43491e-07 7.83927e-08 2.09625e-08 4.24962e-09 5.07354e-10
0.524457 0.441328 0.341158 0.255445 0.190044 0.141657 0.10585 0.0791513 0.0591159 0.0440272 0.0326533 0.0240893 0.0176589 0.0128505 0.00927438 0.00663189 0.00469406 0.00328523 0.00227093 0.00154859 0.00104038 0.000687588 0.000446306 0.000283988 0.000176772 0.000107378 6.34725e-05 3.63906e-05 2.01571e-05 1.07366e-05 5.46811e-06 2.64413e-06 1.2033e-06 5.09549e-07 1.97791e-07 6.89467e-08 2.09501e-08 5.29454e-09 1.01947e-09 1.16943e-10
0.500585 0.416591 0.316269 0.23164 0.16827 0.122401 0.089243 0.0651083 0.0474342 0.0344498 0.0249058 0.0179022 0.0127799 0.00905146 0.00635395 0.00441638 0.00303622 0.00206239 0.00138252 0.000913462 0.000594054 0.000379677 0.000238076 0.000146183 8.77018e-05 5.12823e-05 2.91418e-05 1.60395e-05 8.5165e-06 4.34172e-06 2.11299e-06 9.74771e-07 4.22526e-07 1.70164e-07 6.27398e-08 2.07574e-08 5.98774e-09 1.43952e-09 2.65116e-10 2.94135e-11
0.478921 0.394435 0.294373 0.211098 0.149858 0.106457 0.0757895 0.053984 0.038391 0.0272087 0.0191886 0.0134487 0.00935659 0.0064549 0.00441103 0.00298272 0.00199359 0.00131558 0.000856117 0.000548672 0.000345809 0.000214002 0.000129807 7.70223e-05 4.46069e-05 2.51504e-05 1.37646e-05 7.28734e-06 3.71713e-06 1.81802e-06 8.47688e-07 3.7416e-07 1.54976e-07 5.95715e-08 2.09463e-08 6.60711e-09 1.81842e-09 4.18159e-10 7.4082e-11 7.99046e-12
0.459142 0.374463 0.274971 0.193236 0.134162 0.0931416 0.0647891 0.0450846 0.0313171 0.0216735 0.0149204 0.0102036 0.00692344 0.00465589 0.00309971 0.00204082 0.00132728 0.000851705 0.000538566 0.000335141 0.000204935 0.000122942 7.22273e-05 4.14705e-05 2.32179e-05 1.26423e-05 6.67486e-06 3.40541e-06 1.67202e-06 7.86255e-07 3.52073e-07 1.49075e-07 5.91725e-08 2.17792e-08 7.32902e-09 2.21273e-09 5.83552e-10 1.28954e-10 2.20798e-11 2.32472e-12
0.440994 0.356357 0.257673 0.1776 0.120683 0.0819339 0.05572 0.0379025 0.025732 0.0174004 0.0117005 0.00781262 0.00517364 0.00339388 0.00220296 0.00141332 0.000895141 0.000559034 0.000343812 0.000207941 0.000123493 7.18961e-05 4.09576e-05 2.27843e-05 1.23482e-05 6.50262e-06 3.31727e-06 1.63365e-06 7.73489e-07 3.50405e-07 1.51013e-07 6.14845e-08 2.34487e-08 8.28763e-09 2.67754e-09 7.76421e-10 1.96943e-10 4.19873e-11 6.97531e-12 7.19216e-13
0.424267 0.339864 0.242167 0.163831 0.109034 0.0724349 0.0481874 0.0320602 0.0212849 0.0140718 0.00924801 0.00603301 0.00390162 0.00249838 0.00158223 0.000989859 0.000611021 0.000371689 0.000222521 0.000130924 7.55882e-05 4.27508e-05 2.36417e-05 1.27571e-05 6.70108e-06 3.41742e-06 1.68691e-06 8.03157e-07 3.67323e-07 1.60602e-07 6.67462e-08 2.61875e-08 9.61853e-09 3.27286e-09 1.01802e-09 2.84392e-10 6.96102e-11 1.43662e-11 2.32318e-12 2.35198e-13
0.408791 0.324773 0.228201 0.151641 0.0989072 0.0643335 0.0418886 0.0272731 0.0177164 0.0114574 0.00736356 0.00469596 0.00296766 0.00185617 0.00114768 0.000700652 0.000421829 0.000250134 0.000145891 8.35758e-05 4.69512e-05 2.58217e-05 1.38763e-05 7.27101e-06 3.70613e-06 1.83268e-06 8.76528e-07 4.04045e-07 1.78775e-07 7.55652e-08 3.03404e-08 1.14937e-08 4.07441e-09 1.33783e-09 4.01642e-10 1.08387e-10 2.56735e-11 5.14413e-12 8.11964e-13 8.08842e-14
0.394421 0.310913 0.215566 0.140797 0.090058 0.0573843 0.0365889 0.0233246 0.0148323 0.00938819 0.00590369 0.0036826 0.00227551 0.00139104 0.000840253 0.000500909 0.00029434 0.000170262 9.68222e-05 5.40485e-05 2.95703e-05 1.58285e-05 8.27373e-06 4.21423e-06 2.08668e-06 1.00171e-06 4.64782e-07 2.07707e-07 8.90394e-08 3.64406e-08 1.4159e-08 5.18834e-09 1.77856e-09 5.64717e-10 1.64008e-10 4.28573e-11 9.84862e-12 1.92068e-12 2.96599e-13 2.91228e-14
0.381038 0.298139 0.20409 0.131108 0.0822874 0.0513921 0.0321042 0.0200475 0.012486 0.00773882 0.00476409 0.0029083 0.00175808 0.00105102 0.000620599 0.000361495 0.000207461 0.00011715 6.50008e-05 3.53851e-05 1.88692e-05 9.83909e-06 5.00712e-06 2.48154e-06 1.19486e-06 5.57443e-07 2.51214e-07 1.08975e-07 4.53202e-08 1.79848e-08 6.77283e-09 2.40459e-09 7.98524e-10 2.45645e-10 6.91545e-11 1.75362e-11 3.91828e-12 7.45384e-13 1.12835e-13 1.09364e-14
0.36854 0.286327 0.193629 0.122415 0.0754334 0.0461997 0.028289 0.0173121 0.0105653 0.00641531 0.00386813 0.00231212 0.0013681 0.000800272 0.000462191 0.000263219 0.000147629 8.14329e-05 4.41162e-05 2.34376e-05 1.2191e-05 6.19748e-06 3.07321e-06 1.48333e-06 6.95203e-07 3.15528e-07 1.38259e-07 5.82855e-08 2.35453e-08 9.07205e-09 3.31593e-09 1.14238e-09 3.68109e-10 1.09903e-10 3.00469e-11 7.40811e-12 1.61261e-12 2.99814e-13 4.4566e-14 4.26901e-15
0.356837 0.275374 0.184061 0.114588 0.0693628 0.0416798 0.0250272 0.0150165 0.00898383 0.00534663 0.00315897 0.00184977 0.00107189 0.000613835 0.000346942 0.000193289 0.000106008 5.71568e-05 3.02535e-05 1.56965e-05 7.96975e-06 3.953e-06 1.91162e-06 8.99363e-07 4.10659e-07 1.81497e-07 7.7407e-08 3.17474e-08 1.24719e-08 4.67152e-09 1.65946e-09 5.55547e-10 1.7396e-10 5.04876e-11 1.3427e-11 3.22428e-12 6.84981e-13 1.24672e-13 1.8224e-14 1.72707e-15
0.345854 0.26519 0.175284 0.107515 0.0639653 0.0377287 0.0222256 0.0130802 0.00767455 0.00447861 0.0025941 0.00148876 0.000845268 0.000474126 0.000262391 0.000143085 7.67813e-05 4.04895e-05 2.09523e-05 1.06233e-05 5.26885e-06 2.55166e-06 1.20429e-06 5.52716e-07 2.4609e-07 1.06008e-07 4.40478e-08 1.75936e-08 6.72867e-09 2.45291e-09 8.47871e-10 2.76182e-10 8.41567e-11 2.37769e-11 6.16047e-12 1.44308e-12 2.99668e-13 5.34745e-14 7.69653e-15 7.22246e-16
0.335524 0.255698 0.167209 0.101103 0.0591489 0.0342609 0.0198088 0.0114392 0.00658502 0.00376964 0.00214145 0.00120505 0.000670678 0.000368657 0.000199869 0.000106736 5.60712e-05 2.89357e-05 1.46475e-05 7.26219e-06 3.52066e-06 1.66593e-06 7.67914e-07 3.44077e-07 1.49502e-07 6.28231e-08 2.54549e-08 9.91109e-09 3.69391e-09 1.31199e-09 4.41787e-10 1.40188e-10 4.16219e-11 1.1463e-11 2.8975e-12 6.63039e-13 1.34772e-13 2.36097e-14 3.34963e-15 3.11487e-16
0.325789 0.246831 0.15976 0.0952723 0.0548364 0.0312059 0.0177152 0.0100423 0.00567391 0.00318751 0.00177666 0.00098072 0.000535287 0.000288472 0.000153286 8.02062e-05 4.12696e-05 2.0853e-05 1.03321e-05 5.01217e-06 2.37659e-06 1.09951e-06 4.95341e-07 2.16838e-07 9.20143e-08 3.77492e-08 1.49278e-08 5.67095e-09 2.06169e-09 7.14161e-10 2.34516e-10 7.25756e-11 2.10197e-11 5.64999e-12 1.39504e-12 3.12246e-13 6.22039e-14 1.07103e-14 1.4993e-15 1.38251e-16
0.316599 0.238529 0.152871 0.0899556 0.0509628 0.0285051 0.0158946 0.00884801 0.00490846 0.00270711 0.00148107 0.000802304 0.000429633 0.000227099 0.000118329 6.06937e-05 3.06039e-05 1.51491e-05 7.35081e-06 3.49101e-06 1.61999e-06 7.33227e-07 3.23056e-07 1.3826e-07 5.73404e-08 2.29839e-08 8.87761e-09 3.29331e-09 1.16894e-09 3.95275e-10 1.26707e-10 3.82815e-11 1.08273e-11 2.84365e-12 6.86644e-13 1.50503e-13 2.94184e-14 4.98365e-15 6.88955e-16 6.30315e-17
0.307908 0.230742 0.146486 0.0850945 0.0474729 0.0261092 0.0143055 0.00782281 0.00426255 0.00230878 0.00124031 0.000659613 0.000346691 0.000179823 9.19161e-05 4.62369e-05 2.28581e-05 1.10901e-05 5.27277e-06 2.45285e-06 1.11458e-06 4.93831e-07 2.12923e-07 8.91481e-08 3.61593e-08 1.41711e-08 5.35046e-09 1.93977e-09 6.72767e-10 2.22275e-10 6.9617e-11 2.05539e-11 5.6828e-12 1.45983e-12 3.45096e-13 7.41512e-14 1.42361e-14 2.37504e-15 3.24489e-16 2.94694e-17
0.299676 0.223423 0.140554 0.0806386 0.0443198 0.0239772 0.0129136 0.00693938 0.00371522 0.00197697 0.00104325 0.000544886 0.000281205 0.000143182 7.1827e-05 3.54504e-05 1.71906e-05 8.17863e-06 3.81199e-06 1.73791e-06 7.73714e-07 3.35764e-07 1.41756e-07 5.80993e-08 2.30624e-08 8.84316e-09 3.26603e-09 1.15806e-09 3.92771e-10 1.26894e-10 3.88659e-11 1.12235e-11 3.03626e-12 7.63634e-13 1.76899e-13 3.72985e-14 7.03992e-15 1.15762e-15 1.56415e-16 1.41074e-17
0.291866 0.216534 0.135032 0.0765443 0.041463 0.0220741 0.0116902 0.00617531 0.00324955 0.00169938 0.000881193 0.000452172 0.000229219 0.000114617 5.64513e-05 2.73482e-05 1.30138e-05 6.07419e-06 2.77674e-06 1.24127e-06 5.417e-07 2.30375e-07 9.52903e-08 3.82539e-08 1.48697e-08 5.58222e-09 2.01808e-09 7.00334e-10 2.32453e-10 7.34941e-11 2.20308e-11 6.22789e-12 1.64995e-12 4.06639e-13 9.23949e-14 1.91332e-14 3.55332e-15 5.7634e-16 7.70615e-17 6.90516e-18
0.284447 0.210037 0.129882 0.0727738 0.0388683 0.0203706 0.0106117 0.00551213 0.00285183 0.00146618 0.000747316 0.000376881 0.000187731 9.22208e-05 4.46122e-05 2.12228e-05 9.9145e-06 4.54189e-06 2.03731e-06 8.9341e-07 3.82382e-07 1.59448e-07 6.46507e-08 2.54356e-08 9.68765e-09 3.56278e-09 1.2616e-09 4.2878e-10 1.39376e-10 4.31557e-11 1.26707e-11 3.50914e-12 9.11179e-13 2.20239e-13 4.91239e-14 9.99911e-15 1.82859e-15 2.92755e-16 3.87568e-17 3.45147e-18
0.27739 0.2039 0.125069 0.0692939 0.0365056 0.0188414 0.00965785 0.00493459 0.0025109 0.00126947 0.000636239 0.000315453 0.000154456 7.45672e-05 3.54432e-05 1.65633e-05 7.59943e-06 3.41831e-06 1.5052e-06 6.47811e-07 2.72053e-07 1.11285e-07 4.42541e-08 1.70725e-08 6.37477e-09 2.29803e-09 7.97534e-10 2.65637e-10 8.46164e-11 2.56764e-11 7.38908e-12 2.00633e-12 5.10986e-13 1.21224e-13 2.65632e-14 5.31869e-15 9.58461e-16 1.51558e-16 1.98756e-17 1.75967e-18
0.270669 0.198096 0.120564 0.0660757 0.0343492 0.0174651 0.00881182 0.00443001 0.00221763 0.00110292 0.000543695 0.000265109 0.000127637 6.05792e-05 2.83026e-05 1.29977e-05 5.85916e-06 2.58884e-06 1.11952e-06 4.73081e-07 1.95028e-07 7.82964e-08 3.05518e-08 1.15631e-08 4.23513e-09 1.49733e-09 5.09596e-10 1.66438e-10 5.19878e-11 1.54702e-11 4.36654e-12 1.16322e-12 2.9079e-13 6.77577e-14 1.45967e-14 2.87698e-15 5.11215e-16 7.98859e-17 1.03825e-17 9.14102e-19
0.264261 0.192599 0.11634 0.0630937 0.0323767 0.0162234 0.00805933 0.00398781 0.00196448 0.000961377 0.000466284 0.000223671 0.000105922 4.94401e-05 2.27117e-05 1.02536e-05 4.54296e-06 1.9725e-06 8.38033e-07 3.47853e-07 1.40831e-07 5.55143e-08 2.12658e-08 7.9e-09 2.83962e-09 9.85151e-10 3.28976e-10 1.0542e-10 3.23083e-11 9.43384e-12 2.61331e-12 6.83461e-13 1.67815e-13 3.84326e-14 8.14496e-15 1.58128e-15 2.77223e-16 4.28335e-17 5.51931e-18 4.83355e-19
0.258143 0.187385 0.112372 0.0603253 0.0305686 0.0151002 0.00738822 0.00359912 0.00174526 0.000840658 0.000401281 0.000189421 8.82595e-05 4.05271e-05 1.83117e-05 8.12993e-06 3.54162e-06 1.51164e-06 6.31218e-07 2.57465e-07 1.02411e-07 3.9655e-08 1.49193e-08 5.44259e-09 1.92085e-09 6.5425e-10 2.14479e-10 6.74705e-11 2.02997e-11 5.81964e-12 1.58315e-12 4.06729e-13 9.81504e-14 2.21067e-14 4.61185e-15 8.82446e-16 1.52723e-16 2.33427e-17 2.98319e-18 2.59928e-19
0.252296 0.182434 0.108641 0.0577506 0.0289076 0.014082 0.00678814 0.00325648 0.00155483 0.000737349 0.000346495 0.000160999 7.38322e-05 3.33621e-05 1.48316e-05 6.47776e-06 2.77551e-06 1.16496e-06 4.78289e-07 1.91778e-07 7.49763e-08 2.85301e-08 1.05467e-08 3.77986e-09 1.31044e-09 4.38415e-10 1.41163e-10 4.36158e-11 1.28895e-11 3.63007e-12 9.703e-13 2.45022e-13 5.81453e-14 1.28873e-14 2.64805e-15 4.99659e-16 8.54089e-17 1.29192e-17 1.63809e-18 1.42034e-19
0.246704 0.177727 0.105126 0.055352 0.027379 0.0131569 0.00625024 0.00295362 0.0013889 0.000648648 0.000300155 0.000137322 6.1998e-05 2.75765e-05 1.20659e-05 5.18579e-06 2.18614e-06 9.02656e-07 3.64503e-07 1.43728e-07 5.52496e-08 2.06684e-08 7.51034e-09 2.6455e-09 9.01353e-10 2.96333e-10 9.37598e-11 2.84673e-11 8.26752e-12 2.28851e-12 6.0137e-13 1.49345e-13 3.4871e-14 7.60971e-15 1.54091e-15 2.86867e-16 4.84537e-17 7.25633e-18 9.13122e-19 7.88039e-20
0.241349 0.173246 0.10181 0.0531138 0.0259693 0.0123146 0.00576692 0.0026852 0.00124391 0.000572247 0.000260823 0.000117524 5.22518e-05 2.28845e-05 9.85784e-06 4.17049e-06 1.73036e-06 7.03067e-07 2.79336e-07 1.08355e-07 4.09696e-08 1.50731e-08 5.386e-09 1.86544e-09 6.24881e-10 2.01971e-10 6.28237e-11 1.87527e-11 5.35472e-12 1.45756e-12 3.76734e-13 9.20569e-14 2.11601e-14 4.54885e-15 9.08183e-16 1.66894e-16 2.78673e-17 4.13336e-18 5.16353e-19 4.43617e-20
0.236217 0.168976 0.0986787 0.051022 0.0246671 0.0115461 0.00533164 0.0024467 0.00111685 0.000506239 0.000227328 0.00010091 4.4194e-05 1.90636e-05 8.087e-06 3.3688e-06 1.37607e-06 5.50376e-07 2.1522e-07 8.21561e-08 3.05651e-08 1.10634e-08 3.88892e-09 1.32489e-09 4.36517e-10 1.38765e-10 4.24522e-11 1.24636e-11 3.50075e-12 9.37491e-13 2.38453e-13 5.73599e-14 1.29859e-14 2.75133e-15 5.41855e-16 9.83351e-17 1.62384e-17 2.38627e-18 2.96012e-19 2.53211e-20
0.231294 0.164903 0.0957171 0.049064 0.023462 0.0108434 0.00493875 0.00223426 0.0010052 0.00044904 0.000198713 8.69196e-05 3.75071e-05 1.59395e-05 6.66071e-06 2.73284e-06 1.09933e-06 4.32949e-07 1.66683e-07 6.26362e-08 2.29369e-08 8.17097e-09 2.82648e-09 9.4753e-10 3.07178e-10 9.60792e-11 2.89211e-11 8.35495e-12 2.30939e-12 6.08714e-13 1.52431e-13 3.61129e-14 8.05612e-15 1.68301e-15 3.27104e-16 5.86474e-17 9.58137e-18 1.39544e-18 1.71929e-19 1.46453e-20
0.226568 0.161014 0.0929129 0.0472286 0.0223449 0.0101999 0.00458336 0.00204459 0.000906846 0.000399334 0.000174191 7.50985e-05 3.19378e-05 1.33751e-05 5.50712e-06 2.22611e-06 8.82134e-07 3.42184e-07 1.29742e-07 4.80094e-08 1.73102e-08 6.07102e-09 2.06737e-09 6.82214e-10 2.17697e-10 6.70223e-11 1.98582e-11 5.6472e-12 1.53674e-12 3.98852e-13 9.83748e-14 2.2964e-14 5.0501e-15 1.04072e-15 1.99698e-16 3.5387e-17 5.72162e-18 8.26109e-19 1.01117e-19 8.57844e-21
0.222027 0.157298 0.0902547 0.0455058 0.0213078 0.00960932 0.00426125 0.00187485 0.000819978 0.000356021 0.000153112 6.50783e-05 2.72831e-05 1.12623e-05 4.57034e-06 1.8206e-06 7.10881e-07 2.71685e-07 1.01479e-07 3.69888e-08 1.31355e-08 4.53702e-09 1.52145e-09 4.94383e-10 1.5534e-10 4.70911e-11 1.37392e-11 3.84755e-12 1.03119e-12 2.63646e-13 6.40741e-14 1.47434e-14 3.19757e-15 6.50283e-16 1.2324e-16 2.15917e-17 3.45622e-18 4.94851e-19 6.01862e-20 5.08597e-21
0.217667 0.153747 0.0877352 0.0438886 0.0203444 0.00906705 0.00396901 0.00172277 0.000743144 0.000318211 0.000134958 5.65648e-05 2.33826e-05 9.51647e-06 3.80719e-06 1.49496e-06 5.75338e-07 2.16698e-07 7.97601e-08 2.86452e-08 1.00222e-08 3.41024e-09 1.12653e-09 3.60576e-10 1.11598e-10 3.33234e-11 9.57695e-12 2.64206e-12 6.97666e-13 1.75779e-13 4.21103e-14 9.55489e-15 2.04449e-15 4.10471e-16 7.68597e-17 1.33183e-17 2.11122e-18 2.99827e-19 3.62421e-20 3.05093e-21
0.213622 0.150468 0.0854258 0.0424191 0.0194777 0.00858425 0.0037117 0.00159041 0.000677061 0.000286087 0.000119724 4.95108e-05 2.01921e-05 8.10697e-06 3.19915e-06 1.23896e-06 4.70218e-07 1.74635e-07 6.33742e-08 2.24381e-08 7.73856e-09 2.59544e-09 8.45015e-10 2.66561e-10 8.13055e-11 2.39264e-11 6.77696e-12 1.84274e-12 4.79668e-13 1.19156e-13 2.8152e-14 6.30203e-15 1.33101e-15 2.6393e-16 4.88493e-17 8.37511e-18 1.31521e-18 1.85319e-19 2.22677e-20 1.86764e-21