0.943032 0.909499 0.864741 0.819669 0.777128 0.736893 0.698478 0.661591 0.626034 0.591668 0.558386 0.526109 0.494776 0.46434 0.434765 0.406026 0.378104 0.350989 0.324674 0.299161 0.274455 0.250567 0.227511 0.205308 0.183982 0.163562 0.144081 0.125578 0.108094 0.0916763 0.0763772 0.0622533 0.049366 0.0377822 0.0275737 0.018818 0.0115978 0.0060018 0.00212442 6.61831e-05
0.877687 0.827577 0.755684 0.684738 0.621486 0.565053 0.513963 0.467309 0.424472 0.384996 0.348532 0.314801 0.283576 0.254671 0.227924 0.203199 0.180376 0.159349 0.140022 0.122308 0.106127 0.0914057 0.0780724 0.06606 0.0553035 0.0457391 0.0373038 0.0299349 0.0235691 0.0181424 0.0135895 0.00984327 0.00683435 0.00449102 0.00273864 0.00149938 0.000691891 0.000231008 2.74269e-05 -1.25744e-05
0.824366 0.760522 0.668641 0.580174 0.504528 0.439958 0.383931 0.334873 0.291688 0.253555 0.219827 0.189982 0.163582 0.140259 0.119692 0.1016 0.0857337 0.0718718 0.0598133 0.049376 0.0403934 0.0327133 0.0261954 0.0207104 0.0161391 0.012371 0.00930434 0.00684519 0.00490701 0.00341041 0.00228286 0.00145852 0.000878044 0.000488531 0.000243441 0.000102569 3.20521e-05 4.39171e-06 -1.49574e-06 -2.11314e-07
0.778732 0.703732 0.596727 0.49627 0.413588 0.345852 0.289408 0.241962 0.201895 0.167989 0.139281 0.114993 0.0944816 0.0772038 0.0626992 0.0505728 0.0404836 0.0321361 0.0252735 0.0196721 0.0151371 0.011499 0.00861048 0.00634369 0.00458833 0.00324947 0.00224598 0.00150894 0.000980296 0.000611683 0.000363259 0.000202709 0.000104301 4.80166e-05 1.87413e-05 5.50734e-06 7.82378e-07 -2.01335e-07 -8.19114e-08 2.89509e-08
0.738645 0.654583 0.536025 0.427493 0.341402 0.273668 0.219458 0.175724 0.140317 0.111626 0.0883946 0.0696247 0.0545075 0.0423821 0.0327045 0.0250251 0.0189714 0.0142349 0.01056 0.00773544 0.00558729 0.0039728 0.00277543 0.00190067 0.00127242 0.000829934 0.000525216 0.000320794 0.000187821 0.000104456 5.44894e-05 2.61735e-05 1.12459e-05 4.10722e-06 1.14206e-06 1.63762e-07 -3.18824e-08 -1.68264e-08 3.82456e-09 1.28194e-09
0.70285 0.611418 0.484036 0.370299 0.283315 0.217597 0.167105 0.12804 0.0977471 0.0742656 0.056104 0.0421067 0.0313689 0.0231779 0.0169703 0.0123008 0.00881778 0.00624397 0.00436188 0.0030016 0.00203121 0.00134899 0.000877187 0.000556903 0.00034402 0.000205908 0.00011878 6.55887e-05 3.43558e-05 1.68597e-05 7.61297e-06 3.0757e-06 1.0589e-06 2.80165e-07 4.0169e-08 -5.89399e-09 -3.65919e-09 5.3453e-10 5.21808e-10 -1.45217e-10
0.670528 0.573102 0.439036 0.322244 0.236115 0.173657 0.127624 0.0934967 0.0681742 0.0494182 0.0355763 0.0254117 0.0179933 0.0126177 0.00875407 0.00600245 0.00406269 0.00271071 0.0017802 0.00114871 0.000726805 0.000449829 0.000271554 0.000159345 9.05013e-05 4.94874e-05 2.58766e-05 1.28232e-05 5.94909e-06 2.53875e-06 9.6988e-07 3.16552e-07 8.00623e-08 1.14305e-08 -1.24938e-09 -9.01854e-10 7.61362e-11 1.28942e-10 -1.69813e-11 -1.30807e-11
0.6411 0.538812 0.399766 0.281545 0.197479 0.139001 0.097687 0.0683661 0.0475688 0.0328649 0.0225219 0.0152934 0.01028 0.00683307 0.00448628 0.00290582 0.00185423 0.00116384 0.000717266 0.000433135 0.000255662 0.00014708 8.21817e-05 4.44105e-05 2.30878e-05 1.14692e-05 5.39628e-06 2.37593e-06 9.62244e-07 3.49143e-07 1.08511e-07 2.63337e-08 3.73669e-09 -2.97308e-10 -2.53622e-10 8.8969e-12 3.29362e-11 -1.52854e-12 -5.57691e-12 1.17066e-12
0.614134 0.507927 0.365273 0.246857 0.16567 0.11153 0.0748956 0.0500291 0.0331856 0.0218303 0.0142254 0.00917258 0.00584611 0.00367865 0.00228248 0.00139449 0.000837577 0.000493686 0.00028496 0.00016068 8.82516e-05 4.70497e-05 2.4245e-05 1.20123e-05 5.68417e-06 2.54652e-06 1.0674e-06 4.11632e-07 1.42358e-07 4.22785e-08 9.87651e-09 1.39052e-09 -7.65443e-11 -8.15513e-11 -7.61963e-14 9.05734e-12 3.62587e-13 -1.71615e-12 1.60555e-13 1.40078e-13
0.589297 0.479958 0.334812 0.217138 0.139355 0.0896663 0.0574901 0.0366211 0.0231354 0.0144755 0.00895953 0.00547932 0.00330706 0.00196732 0.00115188 0.000662753 0.000374036 0.000206625 0.000111454 5.85314e-05 2.98235e-05 1.46813e-05 6.94613e-06 3.13769e-06 1.34162e-06 5.36722e-07 1.97626e-07 6.53252e-08 1.85949e-08 4.19019e-09 5.86229e-10 -2.11242e-11 -2.90553e-11 -1.34568e-12 3.13497e-12 5.99353e-14 -3.14825e-13 -1.36839e-13 1.92581e-13 -8.3005e-14
0.566325 0.454518 0.307786 0.19156 0.117497 0.0722073 0.0441651 0.0268029 0.0161103 0.00957697 0.00562362 0.00325782 0.00185951 0.00104426 0.000576058 0.000311587 0.000164907 8.51887e-05 4.28305e-05 2.08857e-05 9.83677e-06 4.4515e-06 1.92299e-06 7.86253e-07 3.00839e-07 1.05991e-07 3.357e-08 9.17626e-09 2.00161e-09 2.76224e-10 -4.39304e-12 -1.25197e-11 -3.3363e-13 7.01113e-13 3.94042e-13 -3.38397e-13 1.45096e-13 -8.97421e-14 1.10734e-13 -7.91e-14
0.544997 0.431285 0.283711 0.16946 0.0992781 0.0582264 0.0339442 0.0196064 0.0112002 0.00631844 0.00351552 0.00192657 0.00103842 0.000549625 0.000285154 0.000144712 7.16618e-05 3.45286e-05 1.61322e-05 7.27812e-06 3.15456e-06 1.30505e-06 5.1108e-07 1.87328e-07 6.32784e-08 1.92311e-08 5.06402e-09 1.06679e-09 1.48109e-10 -1.60721e-12 -4.68309e-12 -1.05206e-12 8.57338e-13 -2.73982e-13 2.32957e-13 -2.20561e-13 1.89616e-13 -1.28173e-13 1.16637e-13 -8.09088e-14
0.525141 0.409999 0.262188 0.150297 0.0840443 0.0470036 0.0260921 0.0143288 0.00777026 0.00415465 0.00218734 0.00113227 0.000575386 0.000286523 0.000139529 6.62855e-05 3.06338e-05 1.37253e-05 5.93765e-06 2.46747e-06 9.78829e-07 3.67572e-07 1.29273e-07 4.19085e-08 1.22547e-08 3.10386e-09 6.38978e-10 8.46965e-11 2.14513e-12 -3.83352e-12 5.29043e-13 -4.48296e-13 5.30701e-13 -3.88663e-13 2.98522e-13 -2.22429e-13 1.94918e-13 -1.40623e-13 1.27911e-13 -8.73572e-14
0.506592 0.390431 0.242882 0.133627 0.0712707 0.0379758 0.0200526 0.0104577 0.00537673 0.00272104 0.00135354 0.00066075 0.000315998 0.000147747 6.73801e-05 2.98872e-05 1.28514e-05 5.33496e-06 2.12768e-06 8.0998e-07 2.92048e-07 9.86126e-08 3.07518e-08 8.6406e-09 2.12286e-09 4.17323e-10 5.95781e-11 -9.81036e-13 -1.14734e-14 -1.34096e-12 9.64543e-13 -6.40862e-13 5.18394e-13 -3.97947e-13 3.25933e-13 -2.40605e-13 2.07145e-13 -1.49666e-13 1.37033e-13 -9.36588e-14
0.489242 0.372403 0.225515 0.119084 0.0605326 0.0307004 0.0154032 0.00761907 0.00370884 0.00177386 0.000832329 0.000382475 0.000171795 7.52466e-05 3.20534e-05 1.32344e-05 5.27589e-06 2.02039e-06 7.38871e-07 2.55874e-07 8.3109e-08 2.49003e-08 6.76547e-09 1.59025e-09 3.14519e-10 3.72492e-11 4.0965e-12 -3.11817e-12 1.48608e-12 -1.16859e-12 9.48643e-13 -7.06182e-13 5.56801e-13 -4.19117e-13 3.45373e-13 -2.5634e-13 2.20523e-13 -1.59104e-13 1.4576e-13 -9.97178e-14
0.472945 0.355734 0.209845 0.10636 0.0514844 0.0248279 0.0118218 0.00553863 0.00254882 0.00115016 0.000508135 0.000219351 9.2323e-05 3.77822e-05 1.49878e-05 5.73951e-06 2.11219e-06 7.4212e-07 2.47218e-07 7.71557e-08 2.23152e-08 5.81033e-09 1.34508e-09 2.42531e-10 3.9028e-11 -3.02716e-12 2.44563e-12 -2.38083e-12 1.73592e-12 -1.26724e-12 9.84326e-13 -7.42134e-13 5.89472e-13 -4.42813e-13 3.64587e-13 -2.7084e-13 2.3325e-13 -1.6833e-13 1.54242e-13 -1.05581e-13
0.457657 0.340314 0.195678 0.0952009 0.0438433 0.0200812 0.00906216 0.00401535 0.00174395 0.000741121 0.000307651 0.000124469 4.89618e-05 1.86641e-05 6.87031e-06 2.42959e-06 8.21119e-07 2.62869e-07 7.91057e-08 2.19526e-08 5.5738e-09 1.21088e-09 2.3708e-10 2.08617e-11 7.39617e-12 -4.89979e-12 3.15409e-12 -2.369e-12 1.80214e-12 -1.34029e-12 1.03498e-12 -7.78805e-13 6.19734e-13 -4.65933e-13 3.83744e-13 -2.8511e-13 2.45684e-13 -1.77372e-13 1.6258e-13 -1.11342e-13
0.443214 0.325974 0.182824 0.0853881 0.0373776 0.0162399 0.00693567 0.00290154 0.00118715 0.00047412 0.0001845 6.97735e-05 2.55739e-05 9.04798e-06 3.07763e-06 9.9968e-07 3.08323e-07 8.90996e-08 2.3979e-08 5.78545e-09 1.27582e-09 2.04333e-10 4.152e-11 -7.49569e-12 5.98349e-12 -4.67711e-12 3.3882e-12 -2.48049e-12 1.87372e-12 -1.3993e-12 1.08236e-12 -8.14401e-13 6.48442e-13 -4.87775e-13 4.02026e-13 -2.98787e-13 2.57616e-13 -1.86058e-13 1.70609e-13 -1.16909e-13
0.429655 0.312677 0.171157 0.0767415 0.0318958 0.0131283 0.0052975 0.00208858 0.000803325 0.000300799 0.00010944 3.85675e-05 1.31253e-05 4.29136e-06 1.34207e-06 3.97677e-07 1.11078e-07 2.85795e-08 6.80856e-09 1.35945e-09 2.70913e-10 1.22352e-11 1.48455e-11 -9.59443e-12 6.5428e-12 -4.77137e-12 3.51844e-12 -2.58678e-12 1.95134e-12 -1.45752e-12 1.1285e-12 -8.49508e-13 6.76778e-13 -5.09255e-13 4.19984e-13 -3.12227e-13 2.69339e-13 -1.94587e-13 1.78492e-13 -1.22371e-13
0.416753 0.300231 0.160511 0.0691023 0.0272403 0.0106056 0.00403624 0.00149656 0.00053985 0.000189015 6.41012e-05 2.09751e-05 6.60048e-06 1.98376e-06 5.6699e-07 1.51851e-07 3.80813e-08 8.51596e-09 1.79791e-09 2.50667e-10 6.5639e-11 -1.72722e-11 1.32159e-11 -9.62544e-12 6.84287e-12 -4.93536e-12 3.63685e-12 -2.67939e-12 2.02322e-12 -1.51192e-12 1.17155e-12 -8.82395e-13 7.0351e-13 -5.29581e-13 4.37051e-13 -3.2503e-13 2.80552e-13 -2.02767e-13 1.86069e-13 -1.27643e-13
0.404672 0.288691 0.150824 0.0623444 0.0232794 0.00855929 0.00306606 0.00106662 0.000359896 0.000117461 3.70007e-05 1.11938e-05 3.24119e-06 8.89497e-07 2.30686e-07 5.50849e-08 1.23115e-08 2.26516e-09 4.5628e-10 5.18051e-12 3.24351e-11 -2.03952e-11 1.38657e-11 -9.8419e-12 7.06532e-12 -5.10318e-12 3.76003e-12 -2.77171e-12 2.09458e-12 -1.56602e-12 1.21423e-12 -9.14916e-13 7.2989e-13 -5.49619e-13 4.53847e-13 -3.37617e-13 2.91561e-13 -2.10789e-13 1.93495e-13 -1.32801e-13
0.393052 0.277791 0.141926 0.056345 0.019905 0.00689866 0.00232071 0.000755461 0.000237703 7.20601e-05 2.09976e-05 5.84276e-06 1.54765e-06 3.84372e-07 8.97397e-08 1.8659e-08 3.73984e-09 4.6911e-10 1.38301e-10 -3.97525e-11 2.96109e-11 -2.06513e-11 1.43093e-11 -1.00957e-11 7.25416e-12 -5.24796e-12 3.87053e-12 -2.85526e-12 2.15965e-12 -1.61573e-12 1.25381e-12 -9.45218e-13 7.54646e-13 -5.68496e-13 4.69771e-13 -3.49589e-13 3.02086e-13 -2.18487e-13 2.00643e-13 -1.37793e-13
0.382259 0.26773 0.133829 0.0510223 0.017025 0.00555072 0.0017491 0.00053116 0.000155309 4.35467e-05 1.16812e-05 2.97053e-06 7.14755e-07 1.58641e-07 3.31019e-08 5.69658e-09 1.10161e-09 7.1498e-12 7.69379e-11 -4.59573e-11 3.05321e-11 -2.10488e-11 1.4688e-11 -1.03704e-11 7.45374e-12 -5.39613e-12 3.98281e-12 -2.93976e-12 2.22502e-12 -1.66543e-12 1.29318e-12 -9.75275e-13 7.791e-13 -5.87099e-13 4.8541e-13 -3.61323e-13 3.12373e-13 -2.25994e-13 2.07603e-13 -1.42638e-13
0.371701 0.258094 0.12632 0.0462705 0.0145649 0.00445676 0.00131157 0.000370285 0.000100195 2.58543e-05 6.34769e-06 1.46293e-06 3.1723e-07 6.16328e-08 1.15197e-08 1.40599e-09 3.72296e-10 -9.29877e-11 6.94105e-11 -4.6505e-11 3.1217e-11 -2.14308e-11 1.498e-11 -1.05938e-11 7.62296e-12 -5.52396e-12 4.08134e-12 -3.01493e-12 2.284e-12 -1.71071e-12 1.32945e-12 -1.00316e-12 8.02019e-13 -6.04628e-13 5.00272e-13 -3.72526e-13 3.22263e-13 -2.33248e-13 2.14357e-13 -1.47375e-13
0.362061 0.249304 0.119519 0.0420506 0.0124594 0.00356884 0.000977707 0.000255527 6.36856e-05 1.50311e-05 3.35387e-06 6.92896e-07 1.34168e-07 2.19606e-08 3.83522e-09 1.18728e-10 2.02975e-10 -1.10032e-10 7.07285e-11 -4.71773e-11 3.18768e-11 -2.18913e-11 1.53092e-11 -1.08351e-11 7.80258e-12 -5.65772e-12 4.18299e-12 -3.09171e-12 2.34362e-12 -1.75615e-12 1.36556e-12 -1.03078e-12 8.24553e-13 -6.21794e-13 5.1474e-13 -3.83395e-13 3.31812e-13 -2.40225e-13 2.20836e-13 -1.51893e-13
0.352365 0.240693 0.113116 0.0382532 0.0106564 0.00284912 0.000723567 0.000174266 3.97695e-05 8.5199e-06 1.71354e-06 3.12012e-07 5.36512e-08 6.71724e-09 1.34087e-09 -2.12631e-10 1.73673e-10 -1.11124e-10 7.17339e-11 -4.7663e-11 3.2289e-11 -2.22172e-11 1.55589e-11 -1.10256e-11 7.94945e-12 -5.77013e-12 4.27059e-12 -3.15909e-12 2.39698e-12 -1.79735e-12 1.39884e-12 -1.05648e-12 8.45809e-13 -6.38106e-13 5.28651e-13 -3.93911e-13 3.41139e-13 -2.47088e-13 2.27243e-13 -1.56408e-13
0.343786 0.233023 0.107393 0.0348919 0.0091102 0.00226526 0.000531126 0.000117154 2.43137e-05 4.68326e-06 8.39515e-07 1.31394e-07 2.01719e-08 1.34161e-09 6.39217e-10 -2.81493e-10 1.7447e-10 -1.12126e-10 7.29339e-11 -4.84485e-11 3.28388e-11 -2.26152e-11 1.58502e-11 -1.12399e-11 8.10961e-12 -5.88993e-12 4.36199e-12 -3.22833e-12 2.45092e-12 -1.83855e-12 1.43167e-12 -1.08163e-12 8.66386e-13 -6.53801e-13 5.41909e-13 -4.03881e-13 3.49916e-13 -2.53508e-13 2.33212e-13 -1.60577e-13
0.334766 0.225223 0.101862 0.0318256 0.00778223 0.00179357 0.000385797 7.74378e-05 1.44895e-05 2.47469e-06 3.91142e-07 4.98863e-08 7.30585e-09 -3.24324e-10 4.7727e-10 -2.85662e-10 1.75473e-10 -1.12232e-10 7.332e-11 -4.88291e-11 3.3158e-11 -2.28732e-11 1.60556e-11 -1.14006e-11 8.23605e-12 -5.98818e-12 4.43968e-12 -3.28871e-12 2.49926e-12 -1.87615e-12 1.46231e-12 -1.1054e-12 8.86204e-13 -6.69066e-13 5.55011e-13 -4.13816e-13 3.58772e-13 -2.60046e-13 2.39335e-13 -1.64914e-13
0.327198 0.218573 0.0970572 0.029144 0.00664364 0.00141107 0.000277003 5.01252e-05 8.35877e-06 1.24525e-06 1.70454e-07 1.57141e-08 2.87992e-09 -7.54859e-10 4.63674e-10 -2.86589e-10 1.77919e-10 -1.13582e-10 7.42405e-11 -4.94896e-11 3.36339e-11 -2.32187e-11 1.63101e-11 -1.15888e-11 8.37738e-12 -6.09426e-12 4.5209e-12 -3.35039e-12 2.54745e-12 -1.91303e-12 1.49177e-12 -1.12801e-12 9.04736e-13 -6.83216e-13 5.66988e-13 -4.22831e-13 3.66722e-13 -2.65866e-13 2.44753e-13 -1.68703e-13
0.318667 0.211386 0.0921996 0.0266342 0.0056598 0.00110417 0.000195795 3.16071e-05 4.63849e-06 5.82947e-07 6.88847e-08 2.6956e-09 1.57237e-09 -8.02519e-10 4.60949e-10 -2.82934e-10 1.77187e-10 -1.13535e-10 7.44059e-11 -4.97175e-11 3.38589e-11 -2.34155e-11 1.64751e-11 -1.17226e-11 8.48556e-12 -6.18001e-12 4.58992e-12 -3.40471e-12 2.5915e-12 -1.94758e-12 1.52021e-12 -1.1502e-12 9.23393e-13 -6.97647e-13 5.7946e-13 -4.3232e-13 3.75226e-13 -2.72168e-13 2.50674e-13 -1.72918e-13
0.312104 0.205701 0.0882046 0.0245041 0.00482189 0.000855105 0.000135972 1.93056e-05 2.43201e-06 2.47818e-07 2.54152e-08 -1.56387e-09 1.33902e-09 -8.02811e-10 4.68213e-10 -2.85221e-10 1.78702e-10 -1.14624e-10 7.51779e-11 -5.0272e-11 3.42624e-11 -2.37109e-11 1.66938e-11 -1.1885e-11 8.60799e-12 -6.27218e-12 4.6607e-12 -3.45857e-12 2.63369e-12 -1.97991e-12 1.5461e-12 -1.17009e-12 9.39727e-13 -7.10128e-13 5.90044e-13 -4.4029e-13 3.82266e-13 -2.77324e-13 2.55479e-13 -1.76283e-13
0.303866 0.198933 0.0838408 0.0224086 0.0040861 0.000657716 9.21789e-05 1.12514e-05 1.19513e-06 8.67486e-08 9.1471e-09 -2.45951e-09 1.28849e-09 -7.71112e-10 4.60066e-10 -2.81888e-10 1.77364e-10 -1.14192e-10 7.51228e-11 -5.03625e-11 3.44005e-11 -2.38523e-11 1.68229e-11 -1.19951e-11 8.7005e-12 -6.34737e-12 4.72255e-12 -3.50797e-12 2.67435e-12 -2.0121e-12 1.57288e-12 -1.19113e-12 9.57569e-13 -7.23989e-13 6.02108e-13 -4.49503e-13 3.90566e-13 -2.83498e-13 2.61298e-13 -1.80447e-13
0.298346 0.194206 0.0805933 0.020743 0.00347475 0.000497184 6.05388e-05 6.22707e-06 5.18363e-07 1.9236e-08 4.42021e-09 -2.56131e-09 1.3352e-09 -7.74314e-10 4.62564e-10 -2.83677e-10 1.78573e-10 -1.15053e-10 7.57477e-11 -5.08171e-11 3.47337e-11 -2.40974e-11 1.70053e-11 -1.21311e-11 8.80329e-12 -6.42493e-12 4.78226e-12 -3.55348e-12 2.71007e-12 -2.03951e-12 1.59487e-12 -1.20803e-12 9.71474e-13 -7.34619e-13 6.11136e-13 -4.56303e-13 3.96581e-13 -2.87905e-13 2.6541e-13 -1.83327e-13
0.290189 0.187653 0.0765523 0.0189399 0.00291398 0.00037215 3.82954e-05 3.09059e-06 1.939e-07 -4.72598e-09 3.29614e-09 -2.28098e-09 1.2839e-09 -7.50368e-10 4.52123e-10 -2.79232e-10 1.76661e-10 -1.14273e-10 7.5484e-11 -5.07822e-11 3.47949e-11 -2.41908e-11 1.71041e-11 -1.22218e-11 8.88329e-12 -6.49196e-12 4.83879e-12 -3.59936e-12 2.74843e-12 -2.07018e-12 1.62068e-12 -1.22842e-12 9.88922e-13 -7.48232e-13 6.23066e-13 -4.65444e-13 4.04859e-13 -2.94083e-13 2.71249e-13 -1.87526e-13
0.285794 0.183922 0.0740331 0.0176869 0.00248009 0.000270834 2.24294e-05 1.38017e-06 4.51419e-08 -1.05284e-08 3.81718e-09 -2.26358e-09 1.29278e-09 -7.54266e-10 4.53889e-10 -2.80461e-10 1.77565e-10 -1.14933e-10 7.59671e-11 -5.11363e-11 3.5056e-11 -2.43838e-11 1.72481e-11 -1.23295e-11 8.96489e-12 -6.55364e-12 4.88636e-12 -3.63567e-12 2.77697e-12 -2.09209e-12 1.63828e-12 -1.24196e-12 1.00008e-12 -7.56762e-13 6.3032e-13 -4.70907e-13 4.09697e-13 -2.97628e-13 2.7456e-13 -1.89845e-13
0.27748 0.177365 0.0701411 0.016064 0.00203541 0.000192437 1.23659e-05 3.95515e-07 -3.71169e-09 -7.93964e-09 3.56e-09 -2.07556e-09 1.22371e-09 -7.27093e-10 4.41855e-10 -2.74976e-10 1.75071e-10 -1.13829e-10 7.55168e-11 -5.09921e-11 3.50523e-11 -2.44383e-11 1.73234e-11 -1.24059e-11 9.03619e-12 -6.61538e-12 4.93978e-12 -3.67971e-12 2.81435e-12 -2.12224e-12 1.66392e-12 -1.26234e-12 1.01764e-12 -7.70516e-13 6.42445e-13 -4.80225e-13 4.18172e-13 -3.03972e-13 2.80571e-13 -1.94185e-13
0.274343 0.174717 0.0683748 0.0152044 0.00175039 0.000132095 4.99185e-06 1.91495e-08 -6.81096e-09 -7.07444e-09 3.80385e-09 -2.10579e-09 1.22582e-09 -7.28627e-10 4.43019e-10 -2.7581e-10 1.75686e-10 -1.14284e-10 7.58536e-11 -5.12404e-11 3.52362e-11 -2.45746e-11 1.74254e-11 -1.24822e-11 9.09417e-12 -6.65926e-12 4.97366e-12 -3.70559e-12 2.83472e-12 -2.13789e-12 1.67651e-12 -1.27201e-12 1.02562e-12 -7.76617e-13 6.4764e-13 -4.84135e-13 4.2164e-13 -3.0651e-13 2.82946e-13 -1.95846e-13
0.265602 0.167912 0.0644456 0.0136501 0.0013699 8.12993e-05 1.5141e-06 -1.1202e-07 -6.99824e-09 -3.8748e-09 3.22685e-09 -1.93627e-09 1.15404e-09 -6.97305e-10 4.28982e-10 -2.69326e-10 1.72659e-10 -1.12889e-10 7.52432e-11 -5.10069e-11 3.51825e-11 -2.4601e-11 1.74853e-11 -1.25504e-11 9.16139e-12 -6.71918e-12 5.02662e-12 -3.74983e-12 2.87271e-12 -2.16874e-12 1.70295e-12 -1.29312e-12 1.04391e-12 -7.90981e-13 6.60357e-13 -4.93928e-13 4.30573e-13 -3.13212e-13 2.89306e-13 -2.00453e-13
0.26391 0.166489 0.0635025 0.0131968 0.00122349 5.22323e-05 -1.36462e-06 -1.04262e-07 8.79902e-09 -4.35671e-09 3.17432e-09 -1.93958e-09 1.1566e-09 -6.9818e-10 4.29533e-10 -2.69748e-10 1.72978e-10 -1.13127e-10 7.54207e-11 -5.11382e-11 3.528e-11 -2.46734e-11 1.75396e-11 -1.2591e-11 9.1923e-12 -6.74258e-12 5.04471e-12 -3.76364e-12 2.88359e-12 -2.1771e-12 1.70967e-12 -1.29828e-12 1.04818e-12 -7.94238e-13 6.63137e-13 -4.96014e-13 4.3243e-13 -3.14565e-13 2.90579e-13 -2.01337e-13
0.254427 0.159154 0.0593277 0.0115914 0.000856151 1.302e-05 -1.88451e-06 5.59618e-08 1.29484e-09 -3.15672e-09 2.63685e-09 -1.7354e-09 1.07541e-09 -6.63104e-10 4.13604e-10 -2.62313e-10 1.6947e-10 -1.11486e-10 7.46835e-11 -5.08401e-11 3.51946e-11 -2.46853e-11 1.75941e-11 -1.26583e-11 9.26097e-12 -6.80484e-12 5.10041e-12 -3.81048e-12 2.92408e-12 -2.2101e-12 1.73807e-12 -1.32099e-12 1.06793e-12 -8.09765e-13 6.76912e-13 -5.06634e-13 4.42132e-13 -3.21852e-13 2.97499e-13 -2.06357e-13